NS 400
ROOT:4586
UHF: +6, +7, +5, +9
LHF: +4, +6, +7, +2
PHF: +3, +3, +1, +5
ROOT:4587
UHF: +6, +7, +5, +9
LHF: +4, +6, +7, +2
PHF: +3, +3, +1, +5
ROOT:4580
UHF: +6, +7, +5, +9
LHF: +4, +6, +7, +2
PHF: +3, +3, +1, +5
ROOT:4516
UHF: +6, +7, +5, +9
LHF: +4, +6, +7, +2
PHF: +3, +3, +1, +5
ROOT:4510
UHF: +6, +7, +5, +9
LHF: +4, +6, +7, +2
PHF: +3, +3, +1, +5
ROOT:4524
UHF: +6, +7, +5, +9
LHF: +4, +6, +7, +2
PHF: +3, +3, +1, +5
ROOT:4527
UHF: +6, +7, +5, +9
LHF: +4, +6, +7, +2
PHF: +3, +3, +1, +5
ROOT:4520
UHF: +6, +7, +5, +9
LHF: +4, +6, +7, +2
PHF: +3, +3, +1, +5
ROOT:4546
UHF: +6, +7, +5, +9
LHF: +4, +6, +7, +2
PHF: +3, +3, +1, +5
ROOT:4667
UHF: +6, +7, +5, +9
LHF: +4, +6, +7, +2
PHF: +3, +3, +1, +5
ROOT:4697
UHF: +6, +7, +5, +9
LHF: +4, +6, +7, +2
PHF: +3, +3, +1, +5
ROOT:4690
UHF: +6, +7, +5, +9
LHF: +4, +6, +7, +2
PHF: +3, +3, +1, +5
ROOT:4623
UHF: +6, +7, +5, +9
LHF: +4, +6, +7, +2
PHF: +3, +3, +1, +5
ROOT:4627
UHF: +6, +7, +5, +9
LHF: +4, +6, +7, +2
PHF: +3, +3, +1, +5
ROOT:4620
UHF: +6, +7, +5, +9
LHF: +4, +6, +7, +2
PHF: +3, +3, +1, +5
ROOT:4883
UHF: +6, +7, +5, +9
LHF: +4, +6, +7, +2
PHF: +3, +3, +1, +5
ROOT:4887
UHF: +6, +7, +5, +9
LHF: +4, +6, +7, +2
PHF: +3, +3, +1, +5
ROOT:4880
UHF: +6, +7, +5, +9
LHF: +4, +6, +7, +2
PHF: +3, +3, +1, +5
ROOT:4813
UHF: +6, +7, +5, +9
LHF: +4, +6, +7, +2
PHF: +3, +3, +1, +5
ROOT:4810
UHF: +6, +7, +5, +9
LHF: +4, +6, +7, +2
PHF: +3, +3, +1, +5
ROOT:4843
UHF: +6, +7, +5, +9
LHF: +4, +6, +7, +2
PHF: +3, +3, +1, +5
ROOT:4964
UHF: +6, +7, +5, +9
LHF: +4, +6, +7, +2
PHF: +3, +3, +1, +5
ROOT:4983
UHF: +6, +7, +5, +9
LHF: +4, +6, +7, +2
PHF: +3, +3, +1, +5
ROOT:4986
UHF: +6, +7, +5, +9
LHF: +4, +6, +7, +2
PHF: +3, +3, +1, +5
ROOT:4980
UHF: +6, +7, +5, +9
LHF: +4, +6, +7, +2
PHF: +3, +3, +1, +5
ROOT:4994
UHF: +6, +7, +5, +9
LHF: +4, +6, +7, +2
PHF: +3, +3, +1, +5
ROOT:4990
UHF: +6, +7, +5, +9
LHF: +4, +6, +7, +2
PHF: +3, +3, +1, +5
ROOT:4923
UHF: +6, +7, +5, +9
LHF: +4, +6, +7, +2
PHF: +3, +3, +1, +5
ROOT:4924
UHF: +6, +7, +5, +9
LHF: +4, +6, +7, +2
PHF: +3, +3, +1, +5
ROOT:4920
UHF: +6, +7, +5, +9
LHF: +4, +6, +7, +2
PHF: +3, +3, +1, +5
ROOT:4283
UHF: +6, +7, +5, +9
LHF: +4, +6, +7, +2
PHF: +3, +3, +1, +5
ROOT:4286
UHF: +6, +7, +5, +9
LHF: +4, +6, +7, +2
PHF: +3, +3, +1, +5
ROOT:4287
UHF: +6, +7, +5, +9
LHF: +4, +6, +7, +2
PHF: +3, +3, +1, +5
ROOT:4294
UHF: +6, +7, +5, +9
LHF: +4, +6, +7, +2
PHF: +3, +3, +1, +5
ROOT:4297
UHF: +6, +7, +5, +9
LHF: +4, +6, +7, +2
PHF: +3, +3, +1, +5
ROOT:4213
UHF: +6, +7, +5, +9
LHF: +4, +6, +7, +2
PHF: +3, +3, +1, +5
ROOT:4216
UHF: +6, +7, +5, +9
LHF: +4, +6, +7, +2
PHF: +3, +3, +1, +5
ROOT:4223
UHF: +6, +7, +5, +9
LHF: +4, +6, +7, +2
PHF: +3, +3, +1, +5
ROOT:4224
UHF: +6, +7, +5, +9
LHF: +4, +6, +7, +2
PHF: +3, +3, +1, +5
ROOT:4227
UHF: +6, +7, +5, +9
LHF: +4, +6, +7, +2
PHF: +3, +3, +1, +5
ROOT:5394
UHF: +6, +7, +5, +9
LHF: +4, +6, +7, +2
PHF: +3, +3, +1, +5
ROOT:5397
UHF: +6, +7, +5, +9
LHF: +4, +6, +7, +2
PHF: +3, +3, +1, +5
ROOT:5398
UHF: +6, +7, +5, +9
LHF: +4, +6, +7, +2
PHF: +3, +3, +1, +5
ROOT:5305
UHF: +6, +7, +5, +9
LHF: +4, +6, +7, +2
PHF: +3, +3, +1, +5
ROOT:5308
UHF: +6, +7, +5, +9
LHF: +4, +6, +7, +2
PHF: +3, +3, +1, +5
ROOT:5324
UHF: +6, +7, +5, +9
LHF: +4, +6, +7, +2
PHF: +3, +3, +1, +5
ROOT:5327
UHF: +6, +7, +5, +9
LHF: +4, +6, +7, +2
PHF: +3, +3, +1, +5
ROOT:5334
UHF: +6, +7, +5, +9
LHF: +4, +6, +7, +2
PHF: +3, +3, +1, +5
ROOT:5335
UHF: +6, +7, +5, +9
LHF: +4, +6, +7, +2
PHF: +3, +3, +1, +5
ROOT:5338
UHF: +6, +7, +5, +9
LHF: +4, +6, +7, +2
PHF: +3, +3, +1, +5
ROOT:5657
UHF: +6, +7, +5, +9
LHF: +4, +6, +7, +2
PHF: +3, +3, +1, +5
ROOT:5691
UHF: +6, +7, +5, +9
LHF: +4, +6, +7, +2
PHF: +3, +3, +1, +5
ROOT:5697
UHF: +6, +7, +5, +9
LHF: +4, +6, +7, +2
PHF: +3, +3, +1, +5
ROOT:5698
UHF: +6, +7, +5, +9
LHF: +4, +6, +7, +2
PHF: +3, +3, +1, +5
ROOT:5621
UHF: +6, +7, +5, +9
LHF: +4, +6, +7, +2
PHF: +3, +3, +1, +5
ROOT:5627
UHF: +6, +7, +5, +9
LHF: +4, +6, +7, +2
PHF: +3, +3, +1, +5
ROOT:5631
UHF: +6, +7, +5, +9
LHF: +4, +6, +7, +2
PHF: +3, +3, +1, +5
ROOT:5635
UHF: +6, +7, +5, +9
LHF: +4, +6, +7, +2
PHF: +3, +3, +1, +5
ROOT:5638
UHF: +6, +7, +5, +9
LHF: +4, +6, +7, +2
PHF: +3, +3, +1, +5
ROOT:5778
UHF: +6, +7, +5, +9
LHF: +4, +6, +7, +2
PHF: +3, +3, +1, +5
ROOT:5701
UHF: +6, +7, +5, +9
LHF: +4, +6, +7, +2
PHF: +3, +3, +1, +5
ROOT:5708
UHF: +6, +7, +5, +9
LHF: +4, +6, +7, +2
PHF: +3, +3, +1, +5
ROOT:5731
UHF: +6, +7, +5, +9
LHF: +4, +6, +7, +2
PHF: +3, +3, +1, +5
ROOT:5734
UHF: +6, +7, +5, +9
LHF: +4, +6, +7, +2
PHF: +3, +3, +1, +5
ROOT:5738
UHF: +6, +7, +5, +9
LHF: +4, +6, +7, +2
PHF: +3, +3, +1, +5
ROOT:5954
UHF: +6, +7, +5, +9
LHF: +4, +6, +7, +2
PHF: +3, +3, +1, +5
ROOT:5991
UHF: +6, +7, +5, +9
LHF: +4, +6, +7, +2
PHF: +3, +3, +1, +5
ROOT:5994
UHF: +6, +7, +5, +9
LHF: +4, +6, +7, +2
PHF: +3, +3, +1, +5
ROOT:5998
UHF: +6, +7, +5, +9
LHF: +4, +6, +7, +2
PHF: +3, +3, +1, +5
ROOT:5921
UHF: +6, +7, +5, +9
LHF: +4, +6, +7, +2
PHF: +3, +3, +1, +5
ROOT:5924
UHF: +6, +7, +5, +9
LHF: +4, +6, +7, +2
PHF: +3, +3, +1, +5
ROOT:5075
UHF: +6, +7, +5, +9
LHF: +4, +6, +7, +2
PHF: +3, +3, +1, +5
ROOT:5091
UHF: +6, +7, +5, +9
LHF: +4, +6, +7, +2
PHF: +3, +3, +1, +5
ROOT:5094
UHF: +6, +7, +5, +9
LHF: +4, +6, +7, +2
PHF: +3, +3, +1, +5
ROOT:5097
UHF: +6, +7, +5, +9
LHF: +4, +6, +7, +2
PHF: +3, +3, +1, +5
ROOT:5001
UHF: +6, +7, +5, +9
LHF: +4, +6, +7, +2
PHF: +3, +3, +1, +5
ROOT:5005
UHF: +6, +7, +5, +9
LHF: +4, +6, +7, +2
PHF: +3, +3, +1, +5
ROOT:5031
UHF: +6, +7, +5, +9
LHF: +4, +6, +7, +2
PHF: +3, +3, +1, +5
ROOT:5034
UHF: +6, +7, +5, +9
LHF: +4, +6, +7, +2
PHF: +3, +3, +1, +5
ROOT:5035
UHF: +6, +7, +5, +9
LHF: +4, +6, +7, +2
PHF: +3, +3, +1, +5
ROOT:6405
UHF: +6, +7, +5, +9
LHF: +4, +6, +7, +2
PHF: +3, +3, +1, +5
ROOT:6408
UHF: +6, +7, +5, +9
LHF: +4, +6, +7, +2
PHF: +3, +3, +1, +5
ROOT:6409
UHF: +6, +7, +5, +9
LHF: +4, +6, +7, +2
PHF: +3, +3, +1, +5
ROOT:6416
UHF: +6, +7, +5, +9
LHF: +4, +6, +7, +2
PHF: +3, +3, +1, +5
ROOT:6419
UHF: +6, +7, +5, +9
LHF: +4, +6, +7, +2
PHF: +3, +3, +1, +5
ROOT:6435
UHF: +6, +7, +5, +9
LHF: +4, +6, +7, +2
PHF: +3, +3, +1, +5
ROOT:6438
UHF: +6, +7, +5, +9
LHF: +4, +6, +7, +2
PHF: +3, +3, +1, +5
ROOT:6445
UHF: +6, +7, +5, +9
LHF: +4, +6, +7, +2
PHF: +3, +3, +1, +5
ROOT:6446
UHF: +6, +7, +5, +9
LHF: +4, +6, +7, +2
PHF: +3, +3, +1, +5
ROOT:6449
UHF: +6, +7, +5, +9
LHF: +4, +6, +7, +2
PHF: +3, +3, +1, +5
ROOT:6768
UHF: +6, +7, +5, +9
LHF: +4, +6, +7, +2
PHF: +3, +3, +1, +5
ROOT:6702
UHF: +6, +7, +5, +9
LHF: +4, +6, +7, +2
PHF: +3, +3, +1, +5
ROOT:6708
UHF: +6, +7, +5, +9
LHF: +4, +6, +7, +2
PHF: +3, +3, +1, +5
ROOT:6709
UHF: +6, +7, +5, +9
LHF: +4, +6, +7, +2
PHF: +3, +3, +1, +5
ROOT:6732
UHF: +6, +7, +5, +9
LHF: +4, +6, +7, +2
PHF: +3, +3, +1, +5
ROOT:6738
UHF: +6, +7, +5, +9
LHF: +4, +6, +7, +2
PHF: +3, +3, +1, +5
ROOT:6742
UHF: +6, +7, +5, +9
LHF: +4, +6, +7, +2
PHF: +3, +3, +1, +5
ROOT:6746
UHF: +6, +7, +5, +9
LHF: +4, +6, +7, +2
PHF: +3, +3, +1, +5
ROOT:6749
UHF: +6, +7, +5, +9
LHF: +4, +6, +7, +2
PHF: +3, +3, +1, +5
ROOT:6889
UHF: +6, +7, +5, +9
LHF: +4, +6, +7, +2
PHF: +3, +3, +1, +5
ROOT:6812
UHF: +6, +7, +5, +9
LHF: +4, +6, +7, +2
PHF: +3, +3, +1, +5
ROOT:6819
UHF: +6, +7, +5, +9
LHF: +4, +6, +7, +2
PHF: +3, +3, +1, +5
ROOT:6842
UHF: +6, +7, +5, +9
LHF: +4, +6, +7, +2
PHF: +3, +3, +1, +5
ROOT:6845
UHF: +6, +7, +5, +9
LHF: +4, +6, +7, +2
PHF: +3, +3, +1, +5
ROOT:6849
UHF: +6, +7, +5, +9
LHF: +4, +6, +7, +2
PHF: +3, +3, +1, +5
ROOT:6065
UHF: +6, +7, +5, +9
LHF: +4, +6, +7, +2
PHF: +3, +3, +1, +5
ROOT:6002
UHF: +6, +7, +5, +9
LHF: +4, +6, +7, +2
PHF: +3, +3, +1, +5
ROOT:6005
UHF: +6, +7, +5, +9
LHF: +4, +6, +7, +2
PHF: +3, +3, +1, +5
ROOT:6009
UHF: +6, +7, +5, +9
LHF: +4, +6, +7, +2
PHF: +3, +3, +1, +5
ROOT:6032
UHF: +6, +7, +5, +9
LHF: +4, +6, +7, +2
PHF: +3, +3, +1, +5
ROOT:6035
UHF: +6, +7, +5, +9
LHF: +4, +6, +7, +2
PHF: +3, +3, +1, +5
ROOT:6186
UHF: +6, +7, +5, +9
LHF: +4, +6, +7, +2
PHF: +3, +3, +1, +5
ROOT:6102
UHF: +6, +7, +5, +9
LHF: +4, +6, +7, +2
PHF: +3, +3, +1, +5
ROOT:6105
UHF: +6, +7, +5, +9
LHF: +4, +6, +7, +2
PHF: +3, +3, +1, +5
ROOT:6108
UHF: +6, +7, +5, +9
LHF: +4, +6, +7, +2
PHF: +3, +3, +1, +5
ROOT:6112
UHF: +6, +7, +5, +9
LHF: +4, +6, +7, +2
PHF: +3, +3, +1, +5
ROOT:6116
UHF: +6, +7, +5, +9
LHF: +4, +6, +7, +2
PHF: +3, +3, +1, +5
ROOT:6142
UHF: +6, +7, +5, +9
LHF: +4, +6, +7, +2
PHF: +3, +3, +1, +5
ROOT:6145
UHF: +6, +7, +5, +9
LHF: +4, +6, +7, +2
PHF: +3, +3, +1, +5
ROOT:6146
UHF: +6, +7, +5, +9
LHF: +4, +6, +7, +2
PHF: +3, +3, +1, +5
ROOT:7556
UHF: +6, +7, +5, +9
LHF: +4, +6, +7, +2
PHF: +3, +3, +1, +5
ROOT:7557
UHF: +6, +7, +5, +9
LHF: +4, +6, +7, +2
PHF: +3, +3, +1, +5
ROOT:7550
UHF: +6, +7, +5, +9
LHF: +4, +6, +7, +2
PHF: +3, +3, +1, +5
ROOT:7516
UHF: +6, +7, +5, +9
LHF: +4, +6, +7, +2
PHF: +3, +3, +1, +5
ROOT:7519
UHF: +6, +7, +5, +9
LHF: +4, +6, +7, +2
PHF: +3, +3, +1, +5
ROOT:7510
UHF: +6, +7, +5, +9
LHF: +4, +6, +7, +2
PHF: +3, +3, +1, +5
ROOT:7527
UHF: +6, +7, +5, +9
LHF: +4, +6, +7, +2
PHF: +3, +3, +1, +5
ROOT:7520
UHF: +6, +7, +5, +9
LHF: +4, +6, +7, +2
PHF: +3, +3, +1, +5
ROOT:7546
UHF: +6, +7, +5, +9
LHF: +4, +6, +7, +2
PHF: +3, +3, +1, +5
ROOT:7549
UHF: +6, +7, +5, +9
LHF: +4, +6, +7, +2
PHF: +3, +3, +1, +5
ROOT:7853
UHF: +6, +7, +5, +9
LHF: +4, +6, +7, +2
PHF: +3, +3, +1, +5
ROOT:7857
UHF: +6, +7, +5, +9
LHF: +4, +6, +7, +2
PHF: +3, +3, +1, +5
ROOT:7850
UHF: +6, +7, +5, +9
LHF: +4, +6, +7, +2
PHF: +3, +3, +1, +5
ROOT:7879
UHF: +6, +7, +5, +9
LHF: +4, +6, +7, +2
PHF: +3, +3, +1, +5
ROOT:7813
UHF: +6, +7, +5, +9
LHF: +4, +6, +7, +2
PHF: +3, +3, +1, +5
ROOT:7819
UHF: +6, +7, +5, +9
LHF: +4, +6, +7, +2
PHF: +3, +3, +1, +5
ROOT:7810
UHF: +6, +7, +5, +9
LHF: +4, +6, +7, +2
PHF: +3, +3, +1, +5
ROOT:7843
UHF: +6, +7, +5, +9
LHF: +4, +6, +7, +2
PHF: +3, +3, +1, +5
ROOT:7849
UHF: +6, +7, +5, +9
LHF: +4, +6, +7, +2
PHF: +3, +3, +1, +5
ROOT:7953
UHF: +6, +7, +5, +9
LHF: +4, +6, +7, +2
PHF: +3, +3, +1, +5
ROOT:7956
UHF: +6, +7, +5, +9
LHF: +4, +6, +7, +2
PHF: +3, +3, +1, +5
ROOT:7950
UHF: +6, +7, +5, +9
LHF: +4, +6, +7, +2
PHF: +3, +3, +1, +5
ROOT:7990
UHF: +6, +7, +5, +9
LHF: +4, +6, +7, +2
PHF: +3, +3, +1, +5
ROOT:7923
UHF: +6, +7, +5, +9
LHF: +4, +6, +7, +2
PHF: +3, +3, +1, +5
ROOT:7920
UHF: +6, +7, +5, +9
LHF: +4, +6, +7, +2
PHF: +3, +3, +1, +5
ROOT:7176
UHF: +6, +7, +5, +9
LHF: +4, +6, +7, +2
PHF: +3, +3, +1, +5
ROOT:7113
UHF: +6, +7, +5, +9
LHF: +4, +6, +7, +2
PHF: +3, +3, +1, +5
ROOT:7116
UHF: +6, +7, +5, +9
LHF: +4, +6, +7, +2
PHF: +3, +3, +1, +5
ROOT:7110
UHF: +6, +7, +5, +9
LHF: +4, +6, +7, +2
PHF: +3, +3, +1, +5
ROOT:7143
UHF: +6, +7, +5, +9
LHF: +4, +6, +7, +2
PHF: +3, +3, +1, +5
ROOT:7146
UHF: +6, +7, +5, +9
LHF: +4, +6, +7, +2
PHF: +3, +3, +1, +5
ROOT:7253
UHF: +6, +7, +5, +9
LHF: +4, +6, +7, +2
PHF: +3, +3, +1, +5
ROOT:7256
UHF: +6, +7, +5, +9
LHF: +4, +6, +7, +2
PHF: +3, +3, +1, +5
ROOT:7257
UHF: +6, +7, +5, +9
LHF: +4, +6, +7, +2
PHF: +3, +3, +1, +5
ROOT:7297
UHF: +6, +7, +5, +9
LHF: +4, +6, +7, +2
PHF: +3, +3, +1, +5
ROOT:7213
UHF: +6, +7, +5, +9
LHF: +4, +6, +7, +2
PHF: +3, +3, +1, +5
ROOT:7216
UHF: +6, +7, +5, +9
LHF: +4, +6, +7, +2
PHF: +3, +3, +1, +5
ROOT:7219
UHF: +6, +7, +5, +9
LHF: +4, +6, +7, +2
PHF: +3, +3, +1, +5
ROOT:7223
UHF: +6, +7, +5, +9
LHF: +4, +6, +7, +2
PHF: +3, +3, +1, +5
ROOT:7227
UHF: +6, +7, +5, +9
LHF: +4, +6, +7, +2
PHF: +3, +3, +1, +5
ROOT:8364
UHF: +6, +7, +5, +9
LHF: +4, +6, +7, +2
PHF: +3, +3, +1, +5
ROOT:8367
UHF: +6, +7, +5, +9
LHF: +4, +6, +7, +2
PHF: +3, +3, +1, +5
ROOT:8368
UHF: +6, +7, +5, +9
LHF: +4, +6, +7, +2
PHF: +3, +3, +1, +5
ROOT:8308
UHF: +6, +7, +5, +9
LHF: +4, +6, +7, +2
PHF: +3, +3, +1, +5
ROOT:8324
UHF: +6, +7, +5, +9
LHF: +4, +6, +7, +2
PHF: +3, +3, +1, +5
ROOT:8327
UHF: +6, +7, +5, +9
LHF: +4, +6, +7, +2
PHF: +3, +3, +1, +5
ROOT:8320
UHF: +6, +7, +5, +9
LHF: +4, +6, +7, +2
PHF: +3, +3, +1, +5
ROOT:8334
UHF: +6, +7, +5, +9
LHF: +4, +6, +7, +2
PHF: +3, +3, +1, +5
ROOT:8338
UHF: +6, +7, +5, +9
LHF: +4, +6, +7, +2
PHF: +3, +3, +1, +5
ROOT:8657
UHF: +6, +7, +5, +9
LHF: +4, +6, +7, +2
PHF: +3, +3, +1, +5
ROOT:8650
UHF: +6, +7, +5, +9
LHF: +4, +6, +7, +2
PHF: +3, +3, +1, +5
ROOT:8661
UHF: +6, +7, +5, +9
LHF: +4, +6, +7, +2
PHF: +3, +3, +1, +5
ROOT:8667
UHF: +6, +7, +5, +9
LHF: +4, +6, +7, +2
PHF: +3, +3, +1, +5
ROOT:8668
UHF: +6, +7, +5, +9
LHF: +4, +6, +7, +2
PHF: +3, +3, +1, +5
ROOT:8621
UHF: +6, +7, +5, +9
LHF: +4, +6, +7, +2
PHF: +3, +3, +1, +5
ROOT:8627
UHF: +6, +7, +5, +9
LHF: +4, +6, +7, +2
PHF: +3, +3, +1, +5
ROOT:8620
UHF: +6, +7, +5, +9
LHF: +4, +6, +7, +2
PHF: +3, +3, +1, +5
ROOT:8631
UHF: +6, +7, +5, +9
LHF: +4, +6, +7, +2
PHF: +3, +3, +1, +5
ROOT:8638
UHF: +6, +7, +5, +9
LHF: +4, +6, +7, +2
PHF: +3, +3, +1, +5
ROOT:8954
UHF: +6, +7, +5, +9
LHF: +4, +6, +7, +2
PHF: +3, +3, +1, +5
ROOT:8950
UHF: +6, +7, +5, +9
LHF: +4, +6, +7, +2
PHF: +3, +3, +1, +5
ROOT:8961
UHF: +6, +7, +5, +9
LHF: +4, +6, +7, +2
PHF: +3, +3, +1, +5
ROOT:8964
UHF: +6, +7, +5, +9
LHF: +4, +6, +7, +2
PHF: +3, +3, +1, +5
ROOT:8968
UHF: +6, +7, +5, +9
LHF: +4, +6, +7, +2
PHF: +3, +3, +1, +5
ROOT:8980
UHF: +6, +7, +5, +9
LHF: +4, +6, +7, +2
PHF: +3, +3, +1, +5
ROOT:8921
UHF: +6, +7, +5, +9
LHF: +4, +6, +7, +2
PHF: +3, +3, +1, +5
ROOT:8924
UHF: +6, +7, +5, +9
LHF: +4, +6, +7, +2
PHF: +3, +3, +1, +5
ROOT:8920
UHF: +6, +7, +5, +9
LHF: +4, +6, +7, +2
PHF: +3, +3, +1, +5
ROOT:8061
UHF: +6, +7, +5, +9
LHF: +4, +6, +7, +2
PHF: +3, +3, +1, +5
ROOT:8064
UHF: +6, +7, +5, +9
LHF: +4, +6, +7, +2
PHF: +3, +3, +1, +5
ROOT:8067
UHF: +6, +7, +5, +9
LHF: +4, +6, +7, +2
PHF: +3, +3, +1, +5
ROOT:8001
UHF: +6, +7, +5, +9
LHF: +4, +6, +7, +2
PHF: +3, +3, +1, +5
ROOT:8031
UHF: +6, +7, +5, +9
LHF: +4, +6, +7, +2
PHF: +3, +3, +1, +5
ROOT:8034
UHF: +6, +7, +5, +9
LHF: +4, +6, +7, +2
PHF: +3, +3, +1, +5
ROOT:8254
UHF: +6, +7, +5, +9
LHF: +4, +6, +7, +2
PHF: +3, +3, +1, +5
ROOT:8257
UHF: +6, +7, +5, +9
LHF: +4, +6, +7, +2
PHF: +3, +3, +1, +5
ROOT:8287
UHF: +6, +7, +5, +9
LHF: +4, +6, +7, +2
PHF: +3, +3, +1, +5
ROOT:8221
UHF: +6, +7, +5, +9
LHF: +4, +6, +7, +2
PHF: +3, +3, +1, +5
ROOT:8224
UHF: +6, +7, +5, +9
LHF: +4, +6, +7, +2
PHF: +3, +3, +1, +5
ROOT:8227
UHF: +6, +7, +5, +9
LHF: +4, +6, +7, +2
PHF: +3, +3, +1, +5
ROOT:9365
UHF: +6, +7, +5, +9
LHF: +4, +6, +7, +2
PHF: +3, +3, +1, +5
ROOT:9368
UHF: +6, +7, +5, +9
LHF: +4, +6, +7, +2
PHF: +3, +3, +1, +5
ROOT:9398
UHF: +6, +7, +5, +9
LHF: +4, +6, +7, +2
PHF: +3, +3, +1, +5
ROOT:9332
UHF: +6, +7, +5, +9
LHF: +4, +6, +7, +2
PHF: +3, +3, +1, +5
ROOT:9335
UHF: +6, +7, +5, +9
LHF: +4, +6, +7, +2
PHF: +3, +3, +1, +5
ROOT:9338
UHF: +6, +7, +5, +9
LHF: +4, +6, +7, +2
PHF: +3, +3, +1, +5
ROOT:9475
UHF: +6, +7, +5, +9
LHF: +4, +6, +7, +2
PHF: +3, +3, +1, +5
ROOT:9478
UHF: +6, +7, +5, +9
LHF: +4, +6, +7, +2
PHF: +3, +3, +1, +5
ROOT:9479
UHF: +6, +7, +5, +9
LHF: +4, +6, +7, +2
PHF: +3, +3, +1, +5
ROOT:9419
UHF: +6, +7, +5, +9
LHF: +4, +6, +7, +2
PHF: +3, +3, +1, +5
ROOT:9431
UHF: +6, +7, +5, +9
LHF: +4, +6, +7, +2
PHF: +3, +3, +1, +5
ROOT:9435
UHF: +6, +7, +5, +9
LHF: +4, +6, +7, +2
PHF: +3, +3, +1, +5
ROOT:9438
UHF: +6, +7, +5, +9
LHF: +4, +6, +7, +2
PHF: +3, +3, +1, +5
ROOT:9445
UHF: +6, +7, +5, +9
LHF: +4, +6, +7, +2
PHF: +3, +3, +1, +5
ROOT:9449
UHF: +6, +7, +5, +9
LHF: +4, +6, +7, +2
PHF: +3, +3, +1, +5
ROOT:9761
UHF: +6, +7, +5, +9
LHF: +4, +6, +7, +2
PHF: +3, +3, +1, +5
ROOT:9768
UHF: +6, +7, +5, +9
LHF: +4, +6, +7, +2
PHF: +3, +3, +1, +5
ROOT:9772
UHF: +6, +7, +5, +9
LHF: +4, +6, +7, +2
PHF: +3, +3, +1, +5
ROOT:9778
UHF: +6, +7, +5, +9
LHF: +4, +6, +7, +2
PHF: +3, +3, +1, +5
ROOT:9779
UHF: +6, +7, +5, +9
LHF: +4, +6, +7, +2
PHF: +3, +3, +1, +5
ROOT:9731
UHF: +6, +7, +5, +9
LHF: +4, +6, +7, +2
PHF: +3, +3, +1, +5
ROOT:9732
UHF: +6, +7, +5, +9
LHF: +4, +6, +7, +2
PHF: +3, +3, +1, +5
ROOT:9738
UHF: +6, +7, +5, +9
LHF: +4, +6, +7, +2
PHF: +3, +3, +1, +5
ROOT:9742
UHF: +6, +7, +5, +9
LHF: +4, +6, +7, +2
PHF: +3, +3, +1, +5
ROOT:9749
UHF: +6, +7, +5, +9
LHF: +4, +6, +7, +2
PHF: +3, +3, +1, +5
ROOT:9061
UHF: +6, +7, +5, +9
LHF: +4, +6, +7, +2
PHF: +3, +3, +1, +5
ROOT:9065
UHF: +6, +7, +5, +9
LHF: +4, +6, +7, +2
PHF: +3, +3, +1, +5
ROOT:9072
UHF: +6, +7, +5, +9
LHF: +4, +6, +7, +2
PHF: +3, +3, +1, +5
ROOT:9075
UHF: +6, +7, +5, +9
LHF: +4, +6, +7, +2
PHF: +3, +3, +1, +5
ROOT:9079
UHF: +6, +7, +5, +9
LHF: +4, +6, +7, +2
PHF: +3, +3, +1, +5
ROOT:9091
UHF: +6, +7, +5, +9
LHF: +4, +6, +7, +2
PHF: +3, +3, +1, +5
ROOT:9031
UHF: +6, +7, +5, +9
LHF: +4, +6, +7, +2
PHF: +3, +3, +1, +5
ROOT:9032
UHF: +6, +7, +5, +9
LHF: +4, +6, +7, +2
PHF: +3, +3, +1, +5
ROOT:9035
UHF: +6, +7, +5, +9
LHF: +4, +6, +7, +2
PHF: +3, +3, +1, +5
ROOT:9172
UHF: +6, +7, +5, +9
LHF: +4, +6, +7, +2
PHF: +3, +3, +1, +5
ROOT:9175
UHF: +6, +7, +5, +9
LHF: +4, +6, +7, +2
PHF: +3, +3, +1, +5
ROOT:9178
UHF: +6, +7, +5, +9
LHF: +4, +6, +7, +2
PHF: +3, +3, +1, +5
ROOT:9112
UHF: +6, +7, +5, +9
LHF: +4, +6, +7, +2
PHF: +3, +3, +1, +5
ROOT:9142
UHF: +6, +7, +5, +9
LHF: +4, +6, +7, +2
PHF: +3, +3, +1, +5
ROOT:9145
UHF: +6, +7, +5, +9
LHF: +4, +6, +7, +2
PHF: +3, +3, +1, +5
ROOT:0476
UHF: +6, +7, +5, +9
LHF: +4, +6, +7, +2
PHF: +3, +3, +1, +5
ROOT:0479
UHF: +6, +7, +5, +9
LHF: +4, +6, +7, +2
PHF: +3, +3, +1, +5
ROOT:0409
UHF: +6, +7, +5, +9
LHF: +4, +6, +7, +2
PHF: +3, +3, +1, +5
ROOT:0443
UHF: +6, +7, +5, +9
LHF: +4, +6, +7, +2
PHF: +3, +3, +1, +5
ROOT:0446
UHF: +6, +7, +5, +9
LHF: +4, +6, +7, +2
PHF: +3, +3, +1, +5
ROOT:0449
UHF: +6, +7, +5, +9
LHF: +4, +6, +7, +2
PHF: +3, +3, +1, +5
ROOT:0556
UHF: +6, +7, +5, +9
LHF: +4, +6, +7, +2
PHF: +3, +3, +1, +5
ROOT:0550
UHF: +6, +7, +5, +9
LHF: +4, +6, +7, +2
PHF: +3, +3, +1, +5
ROOT:0586
UHF: +6, +7, +5, +9
LHF: +4, +6, +7, +2
PHF: +3, +3, +1, +5
ROOT:0589
UHF: +6, +7, +5, +9
LHF: +4, +6, +7, +2
PHF: +3, +3, +1, +5
ROOT:0580
UHF: +6, +7, +5, +9
LHF: +4, +6, +7, +2
PHF: +3, +3, +1, +5
ROOT:0520
UHF: +6, +7, +5, +9
LHF: +4, +6, +7, +2
PHF: +3, +3, +1, +5
ROOT:0542
UHF: +6, +7, +5, +9
LHF: +4, +6, +7, +2
PHF: +3, +3, +1, +5
ROOT:0546
UHF: +6, +7, +5, +9
LHF: +4, +6, +7, +2
PHF: +3, +3, +1, +5
ROOT:0549
UHF: +6, +7, +5, +9
LHF: +4, +6, +7, +2
PHF: +3, +3, +1, +5
ROOT:0853
UHF: +6, +7, +5, +9
LHF: +4, +6, +7, +2
PHF: +3, +3, +1, +5
ROOT:0850
UHF: +6, +7, +5, +9
LHF: +4, +6, +7, +2
PHF: +3, +3, +1, +5
ROOT:0872
UHF: +6, +7, +5, +9
LHF: +4, +6, +7, +2
PHF: +3, +3, +1, +5
ROOT:0879
UHF: +6, +7, +5, +9
LHF: +4, +6, +7, +2
PHF: +3, +3, +1, +5
ROOT:0883
UHF: +6, +7, +5, +9
LHF: +4, +6, +7, +2
PHF: +3, +3, +1, +5
ROOT:0889
UHF: +6, +7, +5, +9
LHF: +4, +6, +7, +2
PHF: +3, +3, +1, +5
ROOT:0880
UHF: +6, +7, +5, +9
LHF: +4, +6, +7, +2
PHF: +3, +3, +1, +5
ROOT:0842
UHF: +6, +7, +5, +9
LHF: +4, +6, +7, +2
PHF: +3, +3, +1, +5
ROOT:0843
UHF: +6, +7, +5, +9
LHF: +4, +6, +7, +2
PHF: +3, +3, +1, +5
ROOT:0849
UHF: +6, +7, +5, +9
LHF: +4, +6, +7, +2
PHF: +3, +3, +1, +5
ROOT:0172
UHF: +6, +7, +5, +9
LHF: +4, +6, +7, +2
PHF: +3, +3, +1, +5
ROOT:0176
UHF: +6, +7, +5, +9
LHF: +4, +6, +7, +2
PHF: +3, +3, +1, +5
ROOT:0183
UHF: +6, +7, +5, +9
LHF: +4, +6, +7, +2
PHF: +3, +3, +1, +5
ROOT:0186
UHF: +6, +7, +5, +9
LHF: +4, +6, +7, +2
PHF: +3, +3, +1, +5
ROOT:0180
UHF: +6, +7, +5, +9
LHF: +4, +6, +7, +2
PHF: +3, +3, +1, +5
ROOT:0102
UHF: +6, +7, +5, +9
LHF: +4, +6, +7, +2
PHF: +3, +3, +1, +5
ROOT:0142
UHF: +6, +7, +5, +9
LHF: +4, +6, +7, +2
PHF: +3, +3, +1, +5
ROOT:0143
UHF: +6, +7, +5, +9
LHF: +4, +6, +7, +2
PHF: +3, +3, +1, +5
ROOT:0146
UHF: +6, +7, +5, +9
LHF: +4, +6, +7, +2
PHF: +3, +3, +1, +5
ROOT:0253
UHF: +6, +7, +5, +9
LHF: +4, +6, +7, +2
PHF: +3, +3, +1, +5
ROOT:0256
UHF: +6, +7, +5, +9
LHF: +4, +6, +7, +2
PHF: +3, +3, +1, +5
ROOT:0283
UHF: +6, +7, +5, +9
LHF: +4, +6, +7, +2
PHF: +3, +3, +1, +5
ROOT:0286
UHF: +6, +7, +5, +9
LHF: +4, +6, +7, +2
PHF: +3, +3, +1, +5
ROOT:0289
UHF: +6, +7, +5, +9
LHF: +4, +6, +7, +2
PHF: +3, +3, +1, +5
ROOT:0223
UHF: +6, +7, +5, +9
LHF: +4, +6, +7, +2
PHF: +3, +3, +1, +5
ROOT:1364
UHF: +6, +7, +5, +9
LHF: +4, +6, +7, +2
PHF: +3, +3, +1, +5
ROOT:1367
UHF: +6, +7, +5, +9
LHF: +4, +6, +7, +2
PHF: +3, +3, +1, +5
ROOT:1394
UHF: +6, +7, +5, +9
LHF: +4, +6, +7, +2
PHF: +3, +3, +1, +5
ROOT:1397
UHF: +6, +7, +5, +9
LHF: +4, +6, +7, +2
PHF: +3, +3, +1, +5
ROOT:1390
UHF: +6, +7, +5, +9
LHF: +4, +6, +7, +2
PHF: +3, +3, +1, +5
ROOT:1334
UHF: +6, +7, +5, +9
LHF: +4, +6, +7, +2
PHF: +3, +3, +1, +5
ROOT:1554
UHF: +6, +7, +5, +9
LHF: +4, +6, +7, +2
PHF: +3, +3, +1, +5
ROOT:1557
UHF: +6, +7, +5, +9
LHF: +4, +6, +7, +2
PHF: +3, +3, +1, +5
ROOT:1550
UHF: +6, +7, +5, +9
LHF: +4, +6, +7, +2
PHF: +3, +3, +1, +5
ROOT:1587
UHF: +6, +7, +5, +9
LHF: +4, +6, +7, +2
PHF: +3, +3, +1, +5
ROOT:1580
UHF: +6, +7, +5, +9
LHF: +4, +6, +7, +2
PHF: +3, +3, +1, +5
ROOT:1510
UHF: +6, +7, +5, +9
LHF: +4, +6, +7, +2
PHF: +3, +3, +1, +5
ROOT:1653
UHF: +6, +7, +5, +9
LHF: +4, +6, +7, +2
PHF: +3, +3, +1, +5
ROOT:1657
UHF: +6, +7, +5, +9
LHF: +4, +6, +7, +2
PHF: +3, +3, +1, +5
ROOT:1650
UHF: +6, +7, +5, +9
LHF: +4, +6, +7, +2
PHF: +3, +3, +1, +5
ROOT:1661
UHF: +6, +7, +5, +9
LHF: +4, +6, +7, +2
PHF: +3, +3, +1, +5
ROOT:1667
UHF: +6, +7, +5, +9
LHF: +4, +6, +7, +2
PHF: +3, +3, +1, +5
ROOT:1691
UHF: +6, +7, +5, +9
LHF: +4, +6, +7, +2
PHF: +3, +3, +1, +5
ROOT:1697
UHF: +6, +7, +5, +9
LHF: +4, +6, +7, +2
PHF: +3, +3, +1, +5
ROOT:1690
UHF: +6, +7, +5, +9
LHF: +4, +6, +7, +2
PHF: +3, +3, +1, +5
ROOT:1631
UHF: +6, +7, +5, +9
LHF: +4, +6, +7, +2
PHF: +3, +3, +1, +5
ROOT:1953
UHF: +6, +7, +5, +9
LHF: +4, +6, +7, +2
PHF: +3, +3, +1, +5
ROOT:1954
UHF: +6, +7, +5, +9
LHF: +4, +6, +7, +2
PHF: +3, +3, +1, +5
ROOT:1950
UHF: +6, +7, +5, +9
LHF: +4, +6, +7, +2
PHF: +3, +3, +1, +5
ROOT:1961
UHF: +6, +7, +5, +9
LHF: +4, +6, +7, +2
PHF: +3, +3, +1, +5
ROOT:1964
UHF: +6, +7, +5, +9
LHF: +4, +6, +7, +2
PHF: +3, +3, +1, +5
ROOT:1983
UHF: +6, +7, +5, +9
LHF: +4, +6, +7, +2
PHF: +3, +3, +1, +5
ROOT:1980
UHF: +6, +7, +5, +9
LHF: +4, +6, +7, +2
PHF: +3, +3, +1, +5
ROOT:1991
UHF: +6, +7, +5, +9
LHF: +4, +6, +7, +2
PHF: +3, +3, +1, +5
ROOT:1994
UHF: +6, +7, +5, +9
LHF: +4, +6, +7, +2
PHF: +3, +3, +1, +5
ROOT:1990
UHF: +6, +7, +5, +9
LHF: +4, +6, +7, +2
PHF: +3, +3, +1, +5
ROOT:1253
UHF: +6, +7, +5, +9
LHF: +4, +6, +7, +2
PHF: +3, +3, +1, +5
ROOT:1254
UHF: +6, +7, +5, +9
LHF: +4, +6, +7, +2
PHF: +3, +3, +1, +5
ROOT:1257
UHF: +6, +7, +5, +9
LHF: +4, +6, +7, +2
PHF: +3, +3, +1, +5
ROOT:1283
UHF: +6, +7, +5, +9
LHF: +4, +6, +7, +2
PHF: +3, +3, +1, +5
ROOT:1287
UHF: +6, +7, +5, +9
LHF: +4, +6, +7, +2
PHF: +3, +3, +1, +5
ROOT:1291
UHF: +6, +7, +5, +9
LHF: +4, +6, +7, +2
PHF: +3, +3, +1, +5
ROOT:1294
UHF: +6, +7, +5, +9
LHF: +4, +6, +7, +2
PHF: +3, +3, +1, +5
ROOT:1297
UHF: +6, +7, +5, +9
LHF: +4, +6, +7, +2
PHF: +3, +3, +1, +5
ROOT:1213
UHF: +6, +7, +5, +9
LHF: +4, +6, +7, +2
PHF: +3, +3, +1, +5
ROOT:2364
UHF: +6, +7, +5, +9
LHF: +4, +6, +7, +2
PHF: +3, +3, +1, +5
ROOT:2365
UHF: +6, +7, +5, +9
LHF: +4, +6, +7, +2
PHF: +3, +3, +1, +5
ROOT:2368
UHF: +6, +7, +5, +9
LHF: +4, +6, +7, +2
PHF: +3, +3, +1, +5
ROOT:2394
UHF: +6, +7, +5, +9
LHF: +4, +6, +7, +2
PHF: +3, +3, +1, +5
ROOT:2398
UHF: +6, +7, +5, +9
LHF: +4, +6, +7, +2
PHF: +3, +3, +1, +5
ROOT:2302
UHF: +6, +7, +5, +9
LHF: +4, +6, +7, +2
PHF: +3, +3, +1, +5
ROOT:2305
UHF: +6, +7, +5, +9
LHF: +4, +6, +7, +2
PHF: +3, +3, +1, +5
ROOT:2308
UHF: +6, +7, +5, +9
LHF: +4, +6, +7, +2
PHF: +3, +3, +1, +5
ROOT:2324
UHF: +6, +7, +5, +9
LHF: +4, +6, +7, +2
PHF: +3, +3, +1, +5
ROOT:2475
UHF: +6, +7, +5, +9
LHF: +4, +6, +7, +2
PHF: +3, +3, +1, +5
ROOT:2478
UHF: +6, +7, +5, +9
LHF: +4, +6, +7, +2
PHF: +3, +3, +1, +5
ROOT:2401
UHF: +6, +7, +5, +9
LHF: +4, +6, +7, +2
PHF: +3, +3, +1, +5
ROOT:2405
UHF: +6, +7, +5, +9
LHF: +4, +6, +7, +2
PHF: +3, +3, +1, +5
ROOT:2408
UHF: +6, +7, +5, +9
LHF: +4, +6, +7, +2
PHF: +3, +3, +1, +5
ROOT:2445
UHF: +6, +7, +5, +9
LHF: +4, +6, +7, +2
PHF: +3, +3, +1, +5
ROOT:2661
UHF: +6, +7, +5, +9
LHF: +4, +6, +7, +2
PHF: +3, +3, +1, +5
ROOT:2665
UHF: +6, +7, +5, +9
LHF: +4, +6, +7, +2
PHF: +3, +3, +1, +5
ROOT:2668
UHF: +6, +7, +5, +9
LHF: +4, +6, +7, +2
PHF: +3, +3, +1, +5
ROOT:2691
UHF: +6, +7, +5, +9
LHF: +4, +6, +7, +2
PHF: +3, +3, +1, +5
ROOT:2698
UHF: +6, +7, +5, +9
LHF: +4, +6, +7, +2
PHF: +3, +3, +1, +5
ROOT:2621
UHF: +6, +7, +5, +9
LHF: +4, +6, +7, +2
PHF: +3, +3, +1, +5
ROOT:2761
UHF: +6, +7, +5, +9
LHF: +4, +6, +7, +2
PHF: +3, +3, +1, +5
ROOT:2764
UHF: +6, +7, +5, +9
LHF: +4, +6, +7, +2
PHF: +3, +3, +1, +5
ROOT:2768
UHF: +6, +7, +5, +9
LHF: +4, +6, +7, +2
PHF: +3, +3, +1, +5
ROOT:2772
UHF: +6, +7, +5, +9
LHF: +4, +6, +7, +2
PHF: +3, +3, +1, +5
ROOT:2778
UHF: +6, +7, +5, +9
LHF: +4, +6, +7, +2
PHF: +3, +3, +1, +5
ROOT:2701
UHF: +6, +7, +5, +9
LHF: +4, +6, +7, +2
PHF: +3, +3, +1, +5
ROOT:2702
UHF: +6, +7, +5, +9
LHF: +4, +6, +7, +2
PHF: +3, +3, +1, +5
ROOT:2708
UHF: +6, +7, +5, +9
LHF: +4, +6, +7, +2
PHF: +3, +3, +1, +5
ROOT:2742
UHF: +6, +7, +5, +9
LHF: +4, +6, +7, +2
PHF: +3, +3, +1, +5
ROOT:2061
UHF: +6, +7, +5, +9
LHF: +4, +6, +7, +2
PHF: +3, +3, +1, +5
ROOT:2064
UHF: +6, +7, +5, +9
LHF: +4, +6, +7, +2
PHF: +3, +3, +1, +5
ROOT:2065
UHF: +6, +7, +5, +9
LHF: +4, +6, +7, +2
PHF: +3, +3, +1, +5
ROOT:2072
UHF: +6, +7, +5, +9
LHF: +4, +6, +7, +2
PHF: +3, +3, +1, +5
ROOT:2075
UHF: +6, +7, +5, +9
LHF: +4, +6, +7, +2
PHF: +3, +3, +1, +5
ROOT:2091
UHF: +6, +7, +5, +9
LHF: +4, +6, +7, +2
PHF: +3, +3, +1, +5
ROOT:2094
UHF: +6, +7, +5, +9
LHF: +4, +6, +7, +2
PHF: +3, +3, +1, +5
ROOT:2001
UHF: +6, +7, +5, +9
LHF: +4, +6, +7, +2
PHF: +3, +3, +1, +5
ROOT:2002
UHF: +6, +7, +5, +9
LHF: +4, +6, +7, +2
PHF: +3, +3, +1, +5
ROOT:2005
UHF: +6, +7, +5, +9
LHF: +4, +6, +7, +2
PHF: +3, +3, +1, +5
ROOT:3475
UHF: +6, +7, +5, +9
LHF: +4, +6, +7, +2
PHF: +3, +3, +1, +5
ROOT:3476
UHF: +6, +7, +5, +9
LHF: +4, +6, +7, +2
PHF: +3, +3, +1, +5
ROOT:3479
UHF: +6, +7, +5, +9
LHF: +4, +6, +7, +2
PHF: +3, +3, +1, +5
ROOT:3405
UHF: +6, +7, +5, +9
LHF: +4, +6, +7, +2
PHF: +3, +3, +1, +5
ROOT:3409
UHF: +6, +7, +5, +9
LHF: +4, +6, +7, +2
PHF: +3, +3, +1, +5
ROOT:3413
UHF: +6, +7, +5, +9
LHF: +4, +6, +7, +2
PHF: +3, +3, +1, +5
ROOT:3416
UHF: +6, +7, +5, +9
LHF: +4, +6, +7, +2
PHF: +3, +3, +1, +5
ROOT:3419
UHF: +6, +7, +5, +9
LHF: +4, +6, +7, +2
PHF: +3, +3, +1, +5
ROOT:3435
UHF: +6, +7, +5, +9
LHF: +4, +6, +7, +2
PHF: +3, +3, +1, +5
ROOT:3556
UHF: +6, +7, +5, +9
LHF: +4, +6, +7, +2
PHF: +3, +3, +1, +5
ROOT:3586
UHF: +6, +7, +5, +9
LHF: +4, +6, +7, +2
PHF: +3, +3, +1, +5
ROOT:3589
UHF: +6, +7, +5, +9
LHF: +4, +6, +7, +2
PHF: +3, +3, +1, +5
ROOT:3512
UHF: +6, +7, +5, +9
LHF: +4, +6, +7, +2
PHF: +3, +3, +1, +5
ROOT:3516
UHF: +6, +7, +5, +9
LHF: +4, +6, +7, +2
PHF: +3, +3, +1, +5
ROOT:3519
UHF: +6, +7, +5, +9
LHF: +4, +6, +7, +2
PHF: +3, +3, +1, +5
ROOT:3772
UHF: +6, +7, +5, +9
LHF: +4, +6, +7, +2
PHF: +3, +3, +1, +5
ROOT:3776
UHF: +6, +7, +5, +9
LHF: +4, +6, +7, +2
PHF: +3, +3, +1, +5
ROOT:3779
UHF: +6, +7, +5, +9
LHF: +4, +6, +7, +2
PHF: +3, +3, +1, +5
ROOT:3702
UHF: +6, +7, +5, +9
LHF: +4, +6, +7, +2
PHF: +3, +3, +1, +5
ROOT:3709
UHF: +6, +7, +5, +9
LHF: +4, +6, +7, +2
PHF: +3, +3, +1, +5
ROOT:3732
UHF: +6, +7, +5, +9
LHF: +4, +6, +7, +2
PHF: +3, +3, +1, +5
ROOT:3853
UHF: +6, +7, +5, +9
LHF: +4, +6, +7, +2
PHF: +3, +3, +1, +5
ROOT:3872
UHF: +6, +7, +5, +9
LHF: +4, +6, +7, +2
PHF: +3, +3, +1, +5
ROOT:3875
UHF: +6, +7, +5, +9
LHF: +4, +6, +7, +2
PHF: +3, +3, +1, +5
ROOT:3879
UHF: +6, +7, +5, +9
LHF: +4, +6, +7, +2
PHF: +3, +3, +1, +5
ROOT:3883
UHF: +6, +7, +5, +9
LHF: +4, +6, +7, +2
PHF: +3, +3, +1, +5
ROOT:3889
UHF: +6, +7, +5, +9
LHF: +4, +6, +7, +2
PHF: +3, +3, +1, +5
ROOT:3812
UHF: +6, +7, +5, +9
LHF: +4, +6, +7, +2
PHF: +3, +3, +1, +5
ROOT:3813
UHF: +6, +7, +5, +9
LHF: +4, +6, +7, +2
PHF: +3, +3, +1, +5
ROOT:3819
UHF: +6, +7, +5, +9
LHF: +4, +6, +7, +2
PHF: +3, +3, +1, +5
ROOT:3172
UHF: +6, +7, +5, +9
LHF: +4, +6, +7, +2
PHF: +3, +3, +1, +5
ROOT:3175
UHF: +6, +7, +5, +9
LHF: +4, +6, +7, +2
PHF: +3, +3, +1, +5
ROOT:3176
UHF: +6, +7, +5, +9
LHF: +4, +6, +7, +2
PHF: +3, +3, +1, +5
ROOT:3183
UHF: +6, +7, +5, +9
LHF: +4, +6, +7, +2
PHF: +3, +3, +1, +5
ROOT:3186
UHF: +6, +7, +5, +9
LHF: +4, +6, +7, +2
PHF: +3, +3, +1, +5
ROOT:3102
UHF: +6, +7, +5, +9
LHF: +4, +6, +7, +2
PHF: +3, +3, +1, +5
ROOT:3105
UHF: +6, +7, +5, +9
LHF: +4, +6, +7, +2
PHF: +3, +3, +1, +5
ROOT:3112
UHF: +6, +7, +5, +9
LHF: +4, +6, +7, +2
PHF: +3, +3, +1, +5
ROOT:3113
UHF: +6, +7, +5, +9
LHF: +4, +6, +7, +2
PHF: +3, +3, +1, +5
ROOT:3116
UHF: +6, +7, +5, +9
LHF: +4, +6, +7, +2
PHF: +3, +3, +1, +5
