NS 191
ROOT: -1, 0, 0, 0
UHF: 0, +1, +1, +1
LHF: 0, +2, +1, 0
PHF: +3, +3, +1, +5
ROOT: -1, 0, 0, 0
UHF: 0, +1, +1, +3
LHF: 0, +2, +1, +8
PHF: +3, +3, +1, +5
ROOT: -1, 0, 0, 0
UHF: 0, +1, +1, +5
LHF: 0, +2, +1, +6
PHF: +3, +3, +1, +5
ROOT: -1, 0, 0, 0
UHF: 0, +1, +1, +6
LHF: 0, +2, +1, +5
PHF: +3, +3, +1, +5
ROOT: -1, 0, 0, 0
UHF: 0, +1, +1, +8
LHF: 0, +2, +1, +3
PHF: +3, +3, +1, +5
ROOT: -1, 0, 0, 0
UHF: 0, +1, +4, +1
LHF: 0, +2, +8, 0
PHF: +3, +3, +1, +5
ROOT: -1, 0, 0, 0
UHF: 0, +1, +4, +3
LHF: 0, +2, +8, +8
PHF: +3, +3, +1, +5
ROOT: -1, 0, 0, 0
UHF: 0, +1, +4, +5
LHF: 0, +2, +8, +6
PHF: +3, +3, +1, +5
ROOT: -1, 0, 0, 0
UHF: 0, +1, +4, +6
LHF: 0, +2, +8, +5
PHF: +3, +3, +1, +5
ROOT: -1, 0, 0, 0
UHF: 0, +1, +4, +8
LHF: 0, +2, +8, +3
PHF: +3, +3, +1, +5
ROOT: -1, 0, 0, 0
UHF: 0, +1, +7, +1
LHF: 0, +2, +5, 0
PHF: +3, +3, +1, +5
ROOT: -1, 0, 0, 0
UHF: 0, +1, +7, +3
LHF: 0, +2, +5, +8
PHF: +3, +3, +1, +5
ROOT: -1, 0, 0, 0
UHF: 0, +1, +7, +4
LHF: 0, +2, +5, +7
PHF: +3, +3, +1, +5
ROOT: -1, 0, 0, 0
UHF: 0, +1, +7, +5
LHF: 0, +2, +5, +6
PHF: +3, +3, +1, +5
ROOT: -1, 0, 0, 0
UHF: 0, +1, +7, +6
LHF: 0, +2, +5, +5
PHF: +3, +3, +1, +5
ROOT: -1, 0, 0, 0
UHF: 0, +1, +7, +8
LHF: 0, +2, +5, +3
PHF: +3, +3, +1, +5
ROOT: -1, 0, 0, 0
UHF: 0, +1, +9, +1
LHF: 0, +2, +3, 0
PHF: +3, +3, +1, +5
ROOT: -1, 0, 0, 0
UHF: 0, +1, +9, +3
LHF: 0, +2, +3, +8
PHF: +3, +3, +1, +5
ROOT: -1, 0, 0, 0
UHF: 0, +1, +9, +5
LHF: 0, +2, +3, +6
PHF: +3, +3, +1, +5
ROOT: -1, 0, 0, 0
UHF: 0, +1, +9, +6
LHF: 0, +2, +3, +5
PHF: +3, +3, +1, +5
ROOT: -1, 0, 0, 0
UHF: 0, +1, +9, +8
LHF: 0, +2, +3, +3
PHF: +3, +3, +1, +5
ROOT: -1, 0, 0, 0
UHF: +1, +2, 0, +2
LHF: +9, +1, +2, +9
PHF: +3, +3, +1, +5
ROOT: -1, 0, 0, 0
UHF: +1, +2, 0, +4
LHF: +9, +1, +2, +7
PHF: +3, +3, +1, +5
ROOT: -1, 0, 0, 0
UHF: +1, +2, 0, +6
LHF: +9, +1, +2, +5
PHF: +3, +3, +1, +5
ROOT: -1, 0, 0, 0
UHF: +1, +2, 0, +7
LHF: +9, +1, +2, +4
PHF: +3, +3, +1, +5
ROOT: -1, 0, 0, 0
UHF: +1, +2, 0, +9
LHF: +9, +1, +2, +2
PHF: +3, +3, +1, +5
ROOT: -1, 0, 0, 0
UHF: +1, +2, +2, +2
LHF: +9, +1, 0, +9
PHF: +3, +3, +1, +5
ROOT: -1, 0, 0, 0
UHF: +1, +2, +2, +4
LHF: +9, +1, 0, +7
PHF: +3, +3, +1, +5
ROOT: -1, 0, 0, 0
UHF: +1, +2, +2, +6
LHF: +9, +1, 0, +5
PHF: +3, +3, +1, +5
ROOT: -1, 0, 0, 0
UHF: +1, +2, +2, +7
LHF: +9, +1, 0, +4
PHF: +3, +3, +1, +5
ROOT: -1, 0, 0, 0
UHF: +1, +2, +2, +9
LHF: +9, +1, 0, +2
PHF: +3, +3, +1, +5
ROOT: -1, 0, 0, 0
UHF: +1, +2, +5, +2
LHF: +9, +1, +7, +9
PHF: +3, +3, +1, +5
ROOT: -1, 0, 0, 0
UHF: +1, +2, +5, +4
LHF: +9, +1, +7, +7
PHF: +3, +3, +1, +5
ROOT: -1, 0, 0, 0
UHF: +1, +2, +5, +6
LHF: +9, +1, +7, +5
PHF: +3, +3, +1, +5
ROOT: -1, 0, 0, 0
UHF: +1, +2, +5, +7
LHF: +9, +1, +7, +4
PHF: +3, +3, +1, +5
ROOT: -1, 0, 0, 0
UHF: +1, +2, +5, +9
LHF: +9, +1, +7, +2
PHF: +3, +3, +1, +5
ROOT: -1, 0, 0, 0
UHF: +1, +2, +8, +2
LHF: +9, +1, +4, +9
PHF: +3, +3, +1, +5
ROOT: -1, 0, 0, 0
UHF: +1, +2, +8, +4
LHF: +9, +1, +4, +7
PHF: +3, +3, +1, +5
ROOT: -1, 0, 0, 0
UHF: +1, +2, +8, +5
LHF: +9, +1, +4, +6
PHF: +3, +3, +1, +5
ROOT: -1, 0, 0, 0
UHF: +1, +2, +8, +6
LHF: +9, +1, +4, +5
PHF: +3, +3, +1, +5
ROOT: -1, 0, 0, 0
UHF: +1, +2, +8, +7
LHF: +9, +1, +4, +4
PHF: +3, +3, +1, +5
ROOT: -1, 0, 0, 0
UHF: +1, +2, +8, +9
LHF: +9, +1, +4, +2
PHF: +3, +3, +1, +5
ROOT: -1, 0, 0, 0
UHF: +2, +3, +1, 0
LHF: +8, 0, +1, +1
PHF: +3, +3, +1, +5
ROOT: -1, 0, 0, 0
UHF: +2, +3, +1, +3
LHF: +8, 0, +1, +8
PHF: +3, +3, +1, +5
ROOT: -1, 0, 0, 0
UHF: +2, +3, +1, +5
LHF: +8, 0, +1, +6
PHF: +3, +3, +1, +5
ROOT: -1, 0, 0, 0
UHF: +2, +3, +1, +7
LHF: +8, 0, +1, +4
PHF: +3, +3, +1, +5
ROOT: -1, 0, 0, 0
UHF: +2, +3, +1, +8
LHF: +8, 0, +1, +3
PHF: +3, +3, +1, +5
ROOT: -1, 0, 0, 0
UHF: +2, +3, +3, 0
LHF: +8, 0, +9, +1
PHF: +3, +3, +1, +5
ROOT: -1, 0, 0, 0
UHF: +2, +3, +3, +3
LHF: +8, 0, +9, +8
PHF: +3, +3, +1, +5
ROOT: -1, 0, 0, 0
UHF: +2, +3, +3, +5
LHF: +8, 0, +9, +6
PHF: +3, +3, +1, +5
ROOT: -1, 0, 0, 0
UHF: +2, +3, +3, +7
LHF: +8, 0, +9, +4
PHF: +3, +3, +1, +5
ROOT: -1, 0, 0, 0
UHF: +2, +3, +3, +8
LHF: +8, 0, +9, +3
PHF: +3, +3, +1, +5
ROOT: -1, 0, 0, 0
UHF: +2, +3, +6, 0
LHF: +8, 0, +6, +1
PHF: +3, +3, +1, +5
ROOT: -1, 0, 0, 0
UHF: +2, +3, +6, +3
LHF: +8, 0, +6, +8
PHF: +3, +3, +1, +5
ROOT: -1, 0, 0, 0
UHF: +2, +3, +6, +5
LHF: +8, 0, +6, +6
PHF: +3, +3, +1, +5
ROOT: -1, 0, 0, 0
UHF: +2, +3, +6, +7
LHF: +8, 0, +6, +4
PHF: +3, +3, +1, +5
ROOT: -1, 0, 0, 0
UHF: +2, +3, +6, +8
LHF: +8, 0, +6, +3
PHF: +3, +3, +1, +5
ROOT: -1, 0, 0, 0
UHF: +2, +3, +9, 0
LHF: +8, 0, +3, +1
PHF: +3, +3, +1, +5
ROOT: -1, 0, 0, 0
UHF: +2, +3, +9, +3
LHF: +8, 0, +3, +8
PHF: +3, +3, +1, +5
ROOT: -1, 0, 0, 0
UHF: +2, +3, +9, +5
LHF: +8, 0, +3, +6
PHF: +3, +3, +1, +5
ROOT: -1, 0, 0, 0
UHF: +2, +3, +9, +7
LHF: +8, 0, +3, +4
PHF: +3, +3, +1, +5
ROOT: -1, 0, 0, 0
UHF: +2, +3, +9, +8
LHF: +8, 0, +3, +3
PHF: +3, +3, +1, +5
ROOT: -1, 0, 0, 0
UHF: +3, +4, 0, +1
LHF: +7, +9, +2, 0
PHF: +3, +3, +1, +5
ROOT: -1, 0, 0, 0
UHF: +3, +4, 0, +4
LHF: +7, +9, +2, +7
PHF: +3, +3, +1, +5
ROOT: -1, 0, 0, 0
UHF: +3, +4, 0, +6
LHF: +7, +9, +2, +5
PHF: +3, +3, +1, +5
ROOT: -1, 0, 0, 0
UHF: +3, +4, 0, +7
LHF: +7, +9, +2, +4
PHF: +3, +3, +1, +5
ROOT: -1, 0, 0, 0
UHF: +3, +4, 0, +8
LHF: +7, +9, +2, +3
PHF: +3, +3, +1, +5
ROOT: -1, 0, 0, 0
UHF: +3, +4, 0, +9
LHF: +7, +9, +2, +2
PHF: +3, +3, +1, +5
ROOT: -1, 0, 0, 0
UHF: +3, +4, +2, +1
LHF: +7, +9, 0, 0
PHF: +3, +3, +1, +5
ROOT: -1, 0, 0, 0
UHF: +3, +4, +2, +4
LHF: +7, +9, 0, +7
PHF: +3, +3, +1, +5
ROOT: -1, 0, 0, 0
UHF: +3, +4, +2, +6
LHF: +7, +9, 0, +5
PHF: +3, +3, +1, +5
ROOT: -1, 0, 0, 0
UHF: +3, +4, +2, +8
LHF: +7, +9, 0, +3
PHF: +3, +3, +1, +5
ROOT: -1, 0, 0, 0
UHF: +3, +4, +2, +9
LHF: +7, +9, 0, +2
PHF: +3, +3, +1, +5
ROOT: -1, 0, 0, 0
UHF: +3, +4, +4, +1
LHF: +7, +9, +8, 0
PHF: +3, +3, +1, +5
ROOT: -1, 0, 0, 0
UHF: +3, +4, +4, +4
LHF: +7, +9, +8, +7
PHF: +3, +3, +1, +5
ROOT: -1, 0, 0, 0
UHF: +3, +4, +4, +6
LHF: +7, +9, +8, +5
PHF: +3, +3, +1, +5
ROOT: -1, 0, 0, 0
UHF: +3, +4, +4, +8
LHF: +7, +9, +8, +3
PHF: +3, +3, +1, +5
ROOT: -1, 0, 0, 0
UHF: +3, +4, +4, +9
LHF: +7, +9, +8, +2
PHF: +3, +3, +1, +5
ROOT: -1, 0, 0, 0
UHF: +3, +4, +7, +1
LHF: +7, +9, +5, 0
PHF: +3, +3, +1, +5
ROOT: -1, 0, 0, 0
UHF: +3, +4, +7, +4
LHF: +7, +9, +5, +7
PHF: +3, +3, +1, +5
ROOT: -1, 0, 0, 0
UHF: +3, +4, +7, +6
LHF: +7, +9, +5, +5
PHF: +3, +3, +1, +5
ROOT: -1, 0, 0, 0
UHF: +3, +4, +7, +8
LHF: +7, +9, +5, +3
PHF: +3, +3, +1, +5
ROOT: -1, 0, 0, 0
UHF: +3, +4, +7, +9
LHF: +7, +9, +5, +2
PHF: +3, +3, +1, +5
ROOT: -1, 0, 0, 0
UHF: +4, +5, +1, 0
LHF: +6, +8, +1, +1
PHF: +3, +3, +1, +5
ROOT: -1, 0, 0, 0
UHF: +4, +5, +1, +2
LHF: +6, +8, +1, +9
PHF: +3, +3, +1, +5
ROOT: -1, 0, 0, 0
UHF: +4, +5, +1, +5
LHF: +6, +8, +1, +6
PHF: +3, +3, +1, +5
ROOT: -1, 0, 0, 0
UHF: +4, +5, +1, +7
LHF: +6, +8, +1, +4
PHF: +3, +3, +1, +5
ROOT: -1, 0, 0, 0
UHF: +4, +5, +1, +8
LHF: +6, +8, +1, +3
PHF: +3, +3, +1, +5
ROOT: -1, 0, 0, 0
UHF: +4, +5, +1, +9
LHF: +6, +8, +1, +2
PHF: +3, +3, +1, +5
ROOT: -1, 0, 0, 0
UHF: +4, +5, +3, 0
LHF: +6, +8, +9, +1
PHF: +3, +3, +1, +5
ROOT: -1, 0, 0, 0
UHF: +4, +5, +3, +2
LHF: +6, +8, +9, +9
PHF: +3, +3, +1, +5
ROOT: -1, 0, 0, 0
UHF: +4, +5, +3, +5
LHF: +6, +8, +9, +6
PHF: +3, +3, +1, +5
ROOT: -1, 0, 0, 0
UHF: +4, +5, +3, +7
LHF: +6, +8, +9, +4
PHF: +3, +3, +1, +5
ROOT: -1, 0, 0, 0
UHF: +4, +5, +3, +9
LHF: +6, +8, +9, +2
PHF: +3, +3, +1, +5
ROOT: -1, 0, 0, 0
UHF: +4, +5, +5, 0
LHF: +6, +8, +7, +1
PHF: +3, +3, +1, +5
ROOT: -1, 0, 0, 0
UHF: +4, +5, +5, +2
LHF: +6, +8, +7, +9
PHF: +3, +3, +1, +5
ROOT: -1, 0, 0, 0
UHF: +4, +5, +5, +5
LHF: +6, +8, +7, +6
PHF: +3, +3, +1, +5
ROOT: -1, 0, 0, 0
UHF: +4, +5, +5, +7
LHF: +6, +8, +7, +4
PHF: +3, +3, +1, +5
ROOT: -1, 0, 0, 0
UHF: +4, +5, +5, +9
LHF: +6, +8, +7, +2
PHF: +3, +3, +1, +5
ROOT: -1, 0, 0, 0
UHF: +4, +5, +8, 0
LHF: +6, +8, +4, +1
PHF: +3, +3, +1, +5
ROOT: -1, 0, 0, 0
UHF: +4, +5, +8, +2
LHF: +6, +8, +4, +9
PHF: +3, +3, +1, +5
ROOT: -1, 0, 0, 0
UHF: +4, +5, +8, +5
LHF: +6, +8, +4, +6
PHF: +3, +3, +1, +5
ROOT: -1, 0, 0, 0
UHF: +4, +5, +8, +7
LHF: +6, +8, +4, +4
PHF: +3, +3, +1, +5
ROOT: -1, 0, 0, 0
UHF: +4, +5, +8, +9
LHF: +6, +8, +4, +2
PHF: +3, +3, +1, +5
ROOT: -1, 0, 0, 0
UHF: +5, +6, +2, 0
LHF: +5, +7, 0, +1
PHF: +3, +3, +1, +5
ROOT: -1, 0, 0, 0
UHF: +5, +6, +2, +1
LHF: +5, +7, 0, 0
PHF: +3, +3, +1, +5
ROOT: -1, 0, 0, 0
UHF: +5, +6, +2, +3
LHF: +5, +7, 0, +8
PHF: +3, +3, +1, +5
ROOT: -1, 0, 0, 0
UHF: +5, +6, +2, +6
LHF: +5, +7, 0, +5
PHF: +3, +3, +1, +5
ROOT: -1, 0, 0, 0
UHF: +5, +6, +2, +8
LHF: +5, +7, 0, +3
PHF: +3, +3, +1, +5
ROOT: -1, 0, 0, 0
UHF: +5, +6, +2, +9
LHF: +5, +7, 0, +2
PHF: +3, +3, +1, +5
ROOT: -1, 0, 0, 0
UHF: +5, +6, +4, 0
LHF: +5, +7, +8, +1
PHF: +3, +3, +1, +5
ROOT: -1, 0, 0, 0
UHF: +5, +6, +4, +1
LHF: +5, +7, +8, 0
PHF: +3, +3, +1, +5
ROOT: -1, 0, 0, 0
UHF: +5, +6, +4, +3
LHF: +5, +7, +8, +8
PHF: +3, +3, +1, +5
ROOT: -1, 0, 0, 0
UHF: +5, +6, +4, +6
LHF: +5, +7, +8, +5
PHF: +3, +3, +1, +5
ROOT: -1, 0, 0, 0
UHF: +5, +6, +4, +8
LHF: +5, +7, +8, +3
PHF: +3, +3, +1, +5
ROOT: -1, 0, 0, 0
UHF: +5, +6, +6, 0
LHF: +5, +7, +6, +1
PHF: +3, +3, +1, +5
ROOT: -1, 0, 0, 0
UHF: +5, +6, +6, +1
LHF: +5, +7, +6, 0
PHF: +3, +3, +1, +5
ROOT: -1, 0, 0, 0
UHF: +5, +6, +6, +3
LHF: +5, +7, +6, +8
PHF: +3, +3, +1, +5
ROOT: -1, 0, 0, 0
UHF: +5, +6, +6, +6
LHF: +5, +7, +6, +5
PHF: +3, +3, +1, +5
ROOT: -1, 0, 0, 0
UHF: +5, +6, +6, +8
LHF: +5, +7, +6, +3
PHF: +3, +3, +1, +5
ROOT: -1, 0, 0, 0
UHF: +5, +6, +9, 0
LHF: +5, +7, +3, +1
PHF: +3, +3, +1, +5
ROOT: -1, 0, 0, 0
UHF: +5, +6, +9, +1
LHF: +5, +7, +3, 0
PHF: +3, +3, +1, +5
ROOT: -1, 0, 0, 0
UHF: +5, +6, +9, +3
LHF: +5, +7, +3, +8
PHF: +3, +3, +1, +5
ROOT: -1, 0, 0, 0
UHF: +5, +6, +9, +6
LHF: +5, +7, +3, +5
PHF: +3, +3, +1, +5
ROOT: -1, 0, 0, 0
UHF: +5, +6, +9, +8
LHF: +5, +7, +3, +3
PHF: +3, +3, +1, +5
ROOT: -1, 0, 0, 0
UHF: +6, +7, 0, +1
LHF: +4, +6, +2, 0
PHF: +3, +3, +1, +5
ROOT: -1, 0, 0, 0
UHF: +6, +7, 0, +2
LHF: +4, +6, +2, +9
PHF: +3, +3, +1, +5
ROOT: -1, 0, 0, 0
UHF: +6, +7, 0, +4
LHF: +4, +6, +2, +7
PHF: +3, +3, +1, +5
ROOT: -1, 0, 0, 0
UHF: +6, +7, 0, +7
LHF: +4, +6, +2, +4
PHF: +3, +3, +1, +5
ROOT: -1, 0, 0, 0
UHF: +6, +7, 0, +9
LHF: +4, +6, +2, +2
PHF: +3, +3, +1, +5
ROOT: -1, 0, 0, 0
UHF: +6, +7, +3, 0
LHF: +4, +6, +9, +1
PHF: +3, +3, +1, +5
ROOT: -1, 0, 0, 0
UHF: +6, +7, +3, +1
LHF: +4, +6, +9, 0
PHF: +3, +3, +1, +5
ROOT: -1, 0, 0, 0
UHF: +6, +7, +3, +2
LHF: +4, +6, +9, +9
PHF: +3, +3, +1, +5
ROOT: -1, 0, 0, 0
UHF: +6, +7, +3, +4
LHF: +4, +6, +9, +7
PHF: +3, +3, +1, +5
ROOT: -1, 0, 0, 0
UHF: +6, +7, +3, +7
LHF: +4, +6, +9, +4
PHF: +3, +3, +1, +5
ROOT: -1, 0, 0, 0
UHF: +6, +7, +3, +9
LHF: +4, +6, +9, +2
PHF: +3, +3, +1, +5
ROOT: -1, 0, 0, 0
UHF: +6, +7, +5, +1
LHF: +4, +6, +7, 0
PHF: +3, +3, +1, +5
ROOT: -1, 0, 0, 0
UHF: +6, +7, +5, +2
LHF: +4, +6, +7, +9
PHF: +3, +3, +1, +5
ROOT: -1, 0, 0, 0
UHF: +6, +7, +5, +4
LHF: +4, +6, +7, +7
PHF: +3, +3, +1, +5
ROOT: -1, 0, 0, 0
UHF: +6, +7, +5, +7
LHF: +4, +6, +7, +4
PHF: +3, +3, +1, +5
ROOT: -1, 0, 0, 0
UHF: +6, +7, +5, +9
LHF: +4, +6, +7, +2
PHF: +3, +3, +1, +5
ROOT: -1, 0, 0, 0
UHF: +6, +7, +7, +1
LHF: +4, +6, +5, 0
PHF: +3, +3, +1, +5
ROOT: -1, 0, 0, 0
UHF: +6, +7, +7, +2
LHF: +4, +6, +5, +9
PHF: +3, +3, +1, +5
ROOT: -1, 0, 0, 0
UHF: +6, +7, +7, +4
LHF: +4, +6, +5, +7
PHF: +3, +3, +1, +5
ROOT: -1, 0, 0, 0
UHF: +6, +7, +7, +7
LHF: +4, +6, +5, +4
PHF: +3, +3, +1, +5
ROOT: -1, 0, 0, 0
UHF: +6, +7, +7, +9
LHF: +4, +6, +5, +2
PHF: +3, +3, +1, +5
ROOT: -1, 0, 0, 0
UHF: +7, +8, +1, 0
LHF: +3, +5, +1, +1
PHF: +3, +3, +1, +5
ROOT: -1, 0, 0, 0
UHF: +7, +8, +1, +2
LHF: +3, +5, +1, +9
PHF: +3, +3, +1, +5
ROOT: -1, 0, 0, 0
UHF: +7, +8, +1, +3
LHF: +3, +5, +1, +8
PHF: +3, +3, +1, +5
ROOT: -1, 0, 0, 0
UHF: +7, +8, +1, +5
LHF: +3, +5, +1, +6
PHF: +3, +3, +1, +5
ROOT: -1, 0, 0, 0
UHF: +7, +8, +1, +8
LHF: +3, +5, +1, +3
PHF: +3, +3, +1, +5
ROOT: -1, 0, 0, 0
UHF: +7, +8, +4, 0
LHF: +3, +5, +8, +1
PHF: +3, +3, +1, +5
ROOT: -1, 0, 0, 0
UHF: +7, +8, +4, +1
LHF: +3, +5, +8, 0
PHF: +3, +3, +1, +5
ROOT: -1, 0, 0, 0
UHF: +7, +8, +4, +2
LHF: +3, +5, +8, +9
PHF: +3, +3, +1, +5
ROOT: -1, 0, 0, 0
UHF: +7, +8, +4, +3
LHF: +3, +5, +8, +8
PHF: +3, +3, +1, +5
ROOT: -1, 0, 0, 0
UHF: +7, +8, +4, +5
LHF: +3, +5, +8, +6
PHF: +3, +3, +1, +5
ROOT: -1, 0, 0, 0
UHF: +7, +8, +4, +8
LHF: +3, +5, +8, +3
PHF: +3, +3, +1, +5
ROOT: -1, 0, 0, 0
UHF: +7, +8, +8, 0
LHF: +3, +5, +4, +1
PHF: +3, +3, +1, +5
ROOT: -1, 0, 0, 0
UHF: +7, +8, +8, +2
LHF: +3, +5, +4, +9
PHF: +3, +3, +1, +5
ROOT: -1, 0, 0, 0
UHF: +7, +8, +8, +3
LHF: +3, +5, +4, +8
PHF: +3, +3, +1, +5
ROOT: -1, 0, 0, 0
UHF: +7, +8, +8, +5
LHF: +3, +5, +4, +6
PHF: +3, +3, +1, +5
ROOT: -1, 0, 0, 0
UHF: +7, +8, +8, +8
LHF: +3, +5, +4, +3
PHF: +3, +3, +1, +5
ROOT: -1, 0, 0, 0
UHF: +8, +9, +2, +1
LHF: +2, +4, 0, 0
PHF: +3, +3, +1, +5
ROOT: -1, 0, 0, 0
UHF: +8, +9, +2, +3
LHF: +2, +4, 0, +8
PHF: +3, +3, +1, +5
ROOT: -1, 0, 0, 0
UHF: +8, +9, +2, +4
LHF: +2, +4, 0, +7
PHF: +3, +3, +1, +5
ROOT: -1, 0, 0, 0
UHF: +8, +9, +2, +6
LHF: +2, +4, 0, +5
PHF: +3, +3, +1, +5
ROOT: -1, 0, 0, 0
UHF: +8, +9, +2, +9
LHF: +2, +4, 0, +2
PHF: +3, +3, +1, +5
ROOT: -1, 0, 0, 0
UHF: +8, +9, +5, +1
LHF: +2, +4, +7, 0
PHF: +3, +3, +1, +5
ROOT: -1, 0, 0, 0
UHF: +8, +9, +5, +2
LHF: +2, +4, +7, +9
PHF: +3, +3, +1, +5
ROOT: -1, 0, 0, 0
UHF: +8, +9, +5, +3
LHF: +2, +4, +7, +8
PHF: +3, +3, +1, +5
ROOT: -1, 0, 0, 0
UHF: +8, +9, +5, +4
LHF: +2, +4, +7, +7
PHF: +3, +3, +1, +5
ROOT: -1, 0, 0, 0
UHF: +8, +9, +5, +9
LHF: +2, +4, +7, +2
PHF: +3, +3, +1, +5
ROOT: -1, 0, 0, 0
UHF: +8, +9, +9, +1
LHF: +2, +4, +3, 0
PHF: +3, +3, +1, +5
ROOT: -1, 0, 0, 0
UHF: +8, +9, +9, +3
LHF: +2, +4, +3, +8
PHF: +3, +3, +1, +5
ROOT: -1, 0, 0, 0
UHF: +8, +9, +9, +4
LHF: +2, +4, +3, +7
PHF: +3, +3, +1, +5
ROOT: -1, 0, 0, 0
UHF: +8, +9, +9, +9
LHF: +2, +4, +3, +2
PHF: +3, +3, +1, +5
ROOT: -1, 0, 0, 0
UHF: +9, 0, 0, 0
LHF: +1, +3, +2, +1
PHF: +3, +3, +1, +5
ROOT: -1, 0, 0, 0
UHF: +9, 0, 0, +2
LHF: +1, +3, +2, +9
PHF: +3, +3, +1, +5
ROOT: -1, 0, 0, 0
UHF: +9, 0, 0, +4
LHF: +1, +3, +2, +7
PHF: +3, +3, +1, +5
ROOT: -1, 0, 0, 0
UHF: +9, 0, 0, +5
LHF: +1, +3, +2, +6
PHF: +3, +3, +1, +5
ROOT: -1, 0, 0, 0
UHF: +9, 0, 0, +7
LHF: +1, +3, +2, +4
PHF: +3, +3, +1, +5
ROOT: -1, 0, 0, 0
UHF: +9, 0, +3, 0
LHF: +1, +3, +9, +1
PHF: +3, +3, +1, +5
ROOT: -1, 0, 0, 0
UHF: +9, 0, +3, +2
LHF: +1, +3, +9, +9
PHF: +3, +3, +1, +5
ROOT: -1, 0, 0, 0
UHF: +9, 0, +3, +4
LHF: +1, +3, +9, +7
PHF: +3, +3, +1, +5
ROOT: -1, 0, 0, 0
UHF: +9, 0, +3, +5
LHF: +1, +3, +9, +6
PHF: +3, +3, +1, +5
ROOT: -1, 0, 0, 0
UHF: +9, 0, +3, +7
LHF: +1, +3, +9, +4
PHF: +3, +3, +1, +5
ROOT: -1, 0, 0, 0
UHF: +9, 0, +8, 0
LHF: +1, +3, +4, +1
PHF: +3, +3, +1, +5
ROOT: -1, 0, 0, 0
UHF: +9, 0, +8, +2
LHF: +1, +3, +4, +9
PHF: +3, +3, +1, +5
ROOT: -1, 0, 0, 0
UHF: +9, 0, +8, +4
LHF: +1, +3, +4, +7
PHF: +3, +3, +1, +5
ROOT: -1, 0, 0, 0
UHF: +9, 0, +8, +5
LHF: +1, +3, +4, +6
PHF: +3, +3, +1, +5
ROOT: -1, 0, 0, 0
UHF: +9, 0, +8, +7
LHF: +1, +3, +4, +4
PHF: +3, +3, +1, +5
