ROOT:0000
UHF: 0, 0, 0, 0
LHF: +6, +3, +6, +5
PHF: +4, +7, +3, +7
ROOT:0273
UHF: 0, 0, 0, 0
LHF: +6, +3, +6, +5
PHF: +4, +7, +3, +7
ROOT:0279
UHF: 0, 0, 0, 0
LHF: +6, +3, +6, +5
PHF: +4, +7, +3, +7
ROOT:0281
UHF: 0, 0, 0, 0
LHF: +6, +3, +6, +5
PHF: +4, +7, +3, +7
ROOT:0283
UHF: 0, 0, 0, 0
LHF: +6, +3, +6, +5
PHF: +4, +7, +3, +7
ROOT:0287
UHF: 0, 0, 0, 0
LHF: +6, +3, +6, +5
PHF: +4, +7, +3, +7
ROOT:0291
UHF: 0, 0, 0, 0
LHF: +6, +3, +6, +5
PHF: +4, +7, +3, +7
ROOT:0295
UHF: 0, 0, 0, 0
LHF: +6, +3, +6, +5
PHF: +4, +7, +3, +7
ROOT:0491
UHF: 0, 0, 0, 0
LHF: +6, +3, +6, +5
PHF: +4, +7, +3, +7
ROOT:0495
UHF: 0, 0, 0, 0
LHF: +6, +3, +6, +5
PHF: +4, +7, +3, +7
ROOT:0651
UHF: 0, 0, 0, 0
LHF: +6, +3, +6, +5
PHF: +4, +7, +3, +7
ROOT:0657
UHF: 0, 0, 0, 0
LHF: +6, +3, +6, +5
PHF: +4, +7, +3, +7
ROOT:0851
UHF: 0, 0, 0, 0
LHF: +6, +3, +6, +5
PHF: +4, +7, +3, +7
ROOT:0857
UHF: 0, 0, 0, 0
LHF: +6, +3, +6, +5
PHF: +4, +7, +3, +7
ROOT:0861
UHF: 0, 0, 0, 0
LHF: +6, +3, +6, +5
PHF: +4, +7, +3, +7
ROOT:0865
UHF: 0, 0, 0, 0
LHF: +6, +3, +6, +5
PHF: +4, +7, +3, +7
ROOT:0869
UHF: 0, 0, 0, 0
LHF: +6, +3, +6, +5
PHF: +4, +7, +3, +7
ROOT:0873
UHF: 0, 0, 0, 0
LHF: +6, +3, +6, +5
PHF: +4, +7, +3, +7
ROOT:0879
UHF: 0, 0, 0, 0
LHF: +6, +3, +6, +5
PHF: +4, +7, +3, +7
ROOT:1302
UHF: 0, 0, 0, 0
LHF: +6, +3, +6, +5
PHF: +4, +7, +3, +7
ROOT:1306
UHF: 0, 0, 0, 0
LHF: +6, +3, +6, +5
PHF: +4, +7, +3, +7
ROOT:1380
UHF: 0, 0, 0, 0
LHF: +6, +3, +6, +5
PHF: +4, +7, +3, +7
ROOT:1384
UHF: 0, 0, 0, 0
LHF: +6, +3, +6, +5
PHF: +4, +7, +3, +7
ROOT:1392
UHF: 0, 0, 0, 0
LHF: +6, +3, +6, +5
PHF: +4, +7, +3, +7
ROOT:1394
UHF: 0, 0, 0, 0
LHF: +6, +3, +6, +5
PHF: +4, +7, +3, +7
ROOT:1398
UHF: 0, 0, 0, 0
LHF: +6, +3, +6, +5
PHF: +4, +7, +3, +7
ROOT:1502
UHF: 0, 0, 0, 0
LHF: +6, +3, +6, +5
PHF: +4, +7, +3, +7
ROOT:1506
UHF: 0, 0, 0, 0
LHF: +6, +3, +6, +5
PHF: +4, +7, +3, +7
ROOT:1762
UHF: 0, 0, 0, 0
LHF: +6, +3, +6, +5
PHF: +4, +7, +3, +7
ROOT:1768
UHF: 0, 0, 0, 0
LHF: +6, +3, +6, +5
PHF: +4, +7, +3, +7
ROOT:1962
UHF: 0, 0, 0, 0
LHF: +6, +3, +6, +5
PHF: +4, +7, +3, +7
ROOT:1968
UHF: 0, 0, 0, 0
LHF: +6, +3, +6, +5
PHF: +4, +7, +3, +7
ROOT:1970
UHF: 0, 0, 0, 0
LHF: +6, +3, +6, +5
PHF: +4, +7, +3, +7
ROOT:1972
UHF: 0, 0, 0, 0
LHF: +6, +3, +6, +5
PHF: +4, +7, +3, +7
ROOT:1976
UHF: 0, 0, 0, 0
LHF: +6, +3, +6, +5
PHF: +4, +7, +3, +7
ROOT:1980
UHF: 0, 0, 0, 0
LHF: +6, +3, +6, +5
PHF: +4, +7, +3, +7
ROOT:1984
UHF: 0, 0, 0, 0
LHF: +6, +3, +6, +5
PHF: +4, +7, +3, +7
ROOT:2073
UHF: 0, 0, 0, 0
LHF: +6, +3, +6, +5
PHF: +4, +7, +3, +7
ROOT:2079
UHF: 0, 0, 0, 0
LHF: +6, +3, +6, +5
PHF: +4, +7, +3, +7
ROOT:2081
UHF: 0, 0, 0, 0
LHF: +6, +3, +6, +5
PHF: +4, +7, +3, +7
ROOT:2083
UHF: 0, 0, 0, 0
LHF: +6, +3, +6, +5
PHF: +4, +7, +3, +7
ROOT:2087
UHF: 0, 0, 0, 0
LHF: +6, +3, +6, +5
PHF: +4, +7, +3, +7
ROOT:2091
UHF: 0, 0, 0, 0
LHF: +6, +3, +6, +5
PHF: +4, +7, +3, +7
ROOT:2095
UHF: 0, 0, 0, 0
LHF: +6, +3, +6, +5
PHF: +4, +7, +3, +7
ROOT:2403
UHF: 0, 0, 0, 0
LHF: +6, +3, +6, +5
PHF: +4, +7, +3, +7
ROOT:2405
UHF: 0, 0, 0, 0
LHF: +6, +3, +6, +5
PHF: +4, +7, +3, +7
ROOT:2409
UHF: 0, 0, 0, 0
LHF: +6, +3, +6, +5
PHF: +4, +7, +3, +7
ROOT:2413
UHF: 0, 0, 0, 0
LHF: +6, +3, +6, +5
PHF: +4, +7, +3, +7
ROOT:2417
UHF: 0, 0, 0, 0
LHF: +6, +3, +6, +5
PHF: +4, +7, +3, +7
ROOT:2491
UHF: 0, 0, 0, 0
LHF: +6, +3, +6, +5
PHF: +4, +7, +3, +7
ROOT:2495
UHF: 0, 0, 0, 0
LHF: +6, +3, +6, +5
PHF: +4, +7, +3, +7
ROOT:2613
UHF: 0, 0, 0, 0
LHF: +6, +3, +6, +5
PHF: +4, +7, +3, +7
ROOT:2617
UHF: 0, 0, 0, 0
LHF: +6, +3, +6, +5
PHF: +4, +7, +3, +7
ROOT:2873
UHF: 0, 0, 0, 0
LHF: +6, +3, +6, +5
PHF: +4, +7, +3, +7
ROOT:2879
UHF: 0, 0, 0, 0
LHF: +6, +3, +6, +5
PHF: +4, +7, +3, +7
ROOT:3102
UHF: 0, 0, 0, 0
LHF: +6, +3, +6, +5
PHF: +4, +7, +3, +7
ROOT:3106
UHF: 0, 0, 0, 0
LHF: +6, +3, +6, +5
PHF: +4, +7, +3, +7
ROOT:3180
UHF: 0, 0, 0, 0
LHF: +6, +3, +6, +5
PHF: +4, +7, +3, +7
ROOT:3184
UHF: 0, 0, 0, 0
LHF: +6, +3, +6, +5
PHF: +4, +7, +3, +7
ROOT:3192
UHF: 0, 0, 0, 0
LHF: +6, +3, +6, +5
PHF: +4, +7, +3, +7
ROOT:3194
UHF: 0, 0, 0, 0
LHF: +6, +3, +6, +5
PHF: +4, +7, +3, +7
ROOT:3198
UHF: 0, 0, 0, 0
LHF: +6, +3, +6, +5
PHF: +4, +7, +3, +7
ROOT:3502
UHF: 0, 0, 0, 0
LHF: +6, +3, +6, +5
PHF: +4, +7, +3, +7
ROOT:3506
UHF: 0, 0, 0, 0
LHF: +6, +3, +6, +5
PHF: +4, +7, +3, +7
ROOT:3510
UHF: 0, 0, 0, 0
LHF: +6, +3, +6, +5
PHF: +4, +7, +3, +7
ROOT:3514
UHF: 0, 0, 0, 0
LHF: +6, +3, +6, +5
PHF: +4, +7, +3, +7
ROOT:3516
UHF: 0, 0, 0, 0
LHF: +6, +3, +6, +5
PHF: +4, +7, +3, +7
ROOT:3524
UHF: 0, 0, 0, 0
LHF: +6, +3, +6, +5
PHF: +4, +7, +3, +7
ROOT:3528
UHF: 0, 0, 0, 0
LHF: +6, +3, +6, +5
PHF: +4, +7, +3, +7
ROOT:3724
UHF: 0, 0, 0, 0
LHF: +6, +3, +6, +5
PHF: +4, +7, +3, +7
ROOT:3728
UHF: 0, 0, 0, 0
LHF: +6, +3, +6, +5
PHF: +4, +7, +3, +7
ROOT:3980
UHF: 0, 0, 0, 0
LHF: +6, +3, +6, +5
PHF: +4, +7, +3, +7
ROOT:3984
UHF: 0, 0, 0, 0
LHF: +6, +3, +6, +5
PHF: +4, +7, +3, +7
ROOT:4091
UHF: 0, 0, 0, 0
LHF: +6, +3, +6, +5
PHF: +4, +7, +3, +7
ROOT:4095
UHF: 0, 0, 0, 0
LHF: +6, +3, +6, +5
PHF: +4, +7, +3, +7
ROOT:4203
UHF: 0, 0, 0, 0
LHF: +6, +3, +6, +5
PHF: +4, +7, +3, +7
ROOT:4205
UHF: 0, 0, 0, 0
LHF: +6, +3, +6, +5
PHF: +4, +7, +3, +7
ROOT:4209
UHF: 0, 0, 0, 0
LHF: +6, +3, +6, +5
PHF: +4, +7, +3, +7
ROOT:4213
UHF: 0, 0, 0, 0
LHF: +6, +3, +6, +5
PHF: +4, +7, +3, +7
ROOT:4217
UHF: 0, 0, 0, 0
LHF: +6, +3, +6, +5
PHF: +4, +7, +3, +7
ROOT:4291
UHF: 0, 0, 0, 0
LHF: +6, +3, +6, +5
PHF: +4, +7, +3, +7
ROOT:4295
UHF: 0, 0, 0, 0
LHF: +6, +3, +6, +5
PHF: +4, +7, +3, +7
ROOT:4613
UHF: 0, 0, 0, 0
LHF: +6, +3, +6, +5
PHF: +4, +7, +3, +7
ROOT:4617
UHF: 0, 0, 0, 0
LHF: +6, +3, +6, +5
PHF: +4, +7, +3, +7
ROOT:4621
UHF: 0, 0, 0, 0
LHF: +6, +3, +6, +5
PHF: +4, +7, +3, +7
ROOT:4625
UHF: 0, 0, 0, 0
LHF: +6, +3, +6, +5
PHF: +4, +7, +3, +7
ROOT:4627
UHF: 0, 0, 0, 0
LHF: +6, +3, +6, +5
PHF: +4, +7, +3, +7
ROOT:4635
UHF: 0, 0, 0, 0
LHF: +6, +3, +6, +5
PHF: +4, +7, +3, +7
ROOT:4639
UHF: 0, 0, 0, 0
LHF: +6, +3, +6, +5
PHF: +4, +7, +3, +7
ROOT:4835
UHF: 0, 0, 0, 0
LHF: +6, +3, +6, +5
PHF: +4, +7, +3, +7
ROOT:4839
UHF: 0, 0, 0, 0
LHF: +6, +3, +6, +5
PHF: +4, +7, +3, +7
ROOT:5102
UHF: 0, 0, 0, 0
LHF: +6, +3, +6, +5
PHF: +4, +7, +3, +7
ROOT:5106
UHF: 0, 0, 0, 0
LHF: +6, +3, +6, +5
PHF: +4, +7, +3, +7
ROOT:5302
UHF: 0, 0, 0, 0
LHF: +6, +3, +6, +5
PHF: +4, +7, +3, +7
ROOT:5306
UHF: 0, 0, 0, 0
LHF: +6, +3, +6, +5
PHF: +4, +7, +3, +7
ROOT:5310
UHF: 0, 0, 0, 0
LHF: +6, +3, +6, +5
PHF: +4, +7, +3, +7
ROOT:5314
UHF: 0, 0, 0, 0
LHF: +6, +3, +6, +5
PHF: +4, +7, +3, +7
ROOT:5316
UHF: 0, 0, 0, 0
LHF: +6, +3, +6, +5
PHF: +4, +7, +3, +7
ROOT:5324
UHF: 0, 0, 0, 0
LHF: +6, +3, +6, +5
PHF: +4, +7, +3, +7
ROOT:5328
UHF: 0, 0, 0, 0
LHF: +6, +3, +6, +5
PHF: +4, +7, +3, +7
ROOT:5724
UHF: 0, 0, 0, 0
LHF: +6, +3, +6, +5
PHF: +4, +7, +3, +7
ROOT:5728
UHF: 0, 0, 0, 0
LHF: +6, +3, +6, +5
PHF: +4, +7, +3, +7
ROOT:5732
UHF: 0, 0, 0, 0
LHF: +6, +3, +6, +5
PHF: +4, +7, +3, +7
ROOT:5736
UHF: 0, 0, 0, 0
LHF: +6, +3, +6, +5
PHF: +4, +7, +3, +7
ROOT:5738
UHF: 0, 0, 0, 0
LHF: +6, +3, +6, +5
PHF: +4, +7, +3, +7
ROOT:5740
UHF: 0, 0, 0, 0
LHF: +6, +3, +6, +5
PHF: +4, +7, +3, +7
ROOT:5746
UHF: 0, 0, 0, 0
LHF: +6, +3, +6, +5
PHF: +4, +7, +3, +7
ROOT:5940
UHF: 0, 0, 0, 0
LHF: +6, +3, +6, +5
PHF: +4, +7, +3, +7
ROOT:5946
UHF: 0, 0, 0, 0
LHF: +6, +3, +6, +5
PHF: +4, +7, +3, +7
ROOT:6051
UHF: 0, 0, 0, 0
LHF: +6, +3, +6, +5
PHF: +4, +7, +3, +7
ROOT:6057
UHF: 0, 0, 0, 0
LHF: +6, +3, +6, +5
PHF: +4, +7, +3, +7
ROOT:6213
UHF: 0, 0, 0, 0
LHF: +6, +3, +6, +5
PHF: +4, +7, +3, +7
ROOT:6217
UHF: 0, 0, 0, 0
LHF: +6, +3, +6, +5
PHF: +4, +7, +3, +7
ROOT:6413
UHF: 0, 0, 0, 0
LHF: +6, +3, +6, +5
PHF: +4, +7, +3, +7
ROOT:6417
UHF: 0, 0, 0, 0
LHF: +6, +3, +6, +5
PHF: +4, +7, +3, +7
ROOT:6421
UHF: 0, 0, 0, 0
LHF: +6, +3, +6, +5
PHF: +4, +7, +3, +7
ROOT:6425
UHF: 0, 0, 0, 0
LHF: +6, +3, +6, +5
PHF: +4, +7, +3, +7
ROOT:6427
UHF: 0, 0, 0, 0
LHF: +6, +3, +6, +5
PHF: +4, +7, +3, +7
ROOT:6435
UHF: 0, 0, 0, 0
LHF: +6, +3, +6, +5
PHF: +4, +7, +3, +7
ROOT:6439
UHF: 0, 0, 0, 0
LHF: +6, +3, +6, +5
PHF: +4, +7, +3, +7
ROOT:6835
UHF: 0, 0, 0, 0
LHF: +6, +3, +6, +5
PHF: +4, +7, +3, +7
ROOT:6839
UHF: 0, 0, 0, 0
LHF: +6, +3, +6, +5
PHF: +4, +7, +3, +7
ROOT:6843
UHF: 0, 0, 0, 0
LHF: +6, +3, +6, +5
PHF: +4, +7, +3, +7
ROOT:6847
UHF: 0, 0, 0, 0
LHF: +6, +3, +6, +5
PHF: +4, +7, +3, +7
ROOT:6849
UHF: 0, 0, 0, 0
LHF: +6, +3, +6, +5
PHF: +4, +7, +3, +7
ROOT:6851
UHF: 0, 0, 0, 0
LHF: +6, +3, +6, +5
PHF: +4, +7, +3, +7
ROOT:6857
UHF: 0, 0, 0, 0
LHF: +6, +3, +6, +5
PHF: +4, +7, +3, +7
ROOT:7162
UHF: 0, 0, 0, 0
LHF: +6, +3, +6, +5
PHF: +4, +7, +3, +7
ROOT:7168
UHF: 0, 0, 0, 0
LHF: +6, +3, +6, +5
PHF: +4, +7, +3, +7
ROOT:7324
UHF: 0, 0, 0, 0
LHF: +6, +3, +6, +5
PHF: +4, +7, +3, +7
ROOT:7328
UHF: 0, 0, 0, 0
LHF: +6, +3, +6, +5
PHF: +4, +7, +3, +7
ROOT:7524
UHF: 0, 0, 0, 0
LHF: +6, +3, +6, +5
PHF: +4, +7, +3, +7
ROOT:7528
UHF: 0, 0, 0, 0
LHF: +6, +3, +6, +5
PHF: +4, +7, +3, +7
ROOT:7532
UHF: 0, 0, 0, 0
LHF: +6, +3, +6, +5
PHF: +4, +7, +3, +7
ROOT:7536
UHF: 0, 0, 0, 0
LHF: +6, +3, +6, +5
PHF: +4, +7, +3, +7
ROOT:7538
UHF: 0, 0, 0, 0
LHF: +6, +3, +6, +5
PHF: +4, +7, +3, +7
ROOT:7540
UHF: 0, 0, 0, 0
LHF: +6, +3, +6, +5
PHF: +4, +7, +3, +7
ROOT:7546
UHF: 0, 0, 0, 0
LHF: +6, +3, +6, +5
PHF: +4, +7, +3, +7
ROOT:7940
UHF: 0, 0, 0, 0
LHF: +6, +3, +6, +5
PHF: +4, +7, +3, +7
ROOT:7946
UHF: 0, 0, 0, 0
LHF: +6, +3, +6, +5
PHF: +4, +7, +3, +7
ROOT:7950
UHF: 0, 0, 0, 0
LHF: +6, +3, +6, +5
PHF: +4, +7, +3, +7
ROOT:7954
UHF: 0, 0, 0, 0
LHF: +6, +3, +6, +5
PHF: +4, +7, +3, +7
ROOT:7958
UHF: 0, 0, 0, 0
LHF: +6, +3, +6, +5
PHF: +4, +7, +3, +7
ROOT:7962
UHF: 0, 0, 0, 0
LHF: +6, +3, +6, +5
PHF: +4, +7, +3, +7
ROOT:7968
UHF: 0, 0, 0, 0
LHF: +6, +3, +6, +5
PHF: +4, +7, +3, +7
ROOT:8051
UHF: 0, 0, 0, 0
LHF: +6, +3, +6, +5
PHF: +4, +7, +3, +7
ROOT:8057
UHF: 0, 0, 0, 0
LHF: +6, +3, +6, +5
PHF: +4, +7, +3, +7
ROOT:8061
UHF: 0, 0, 0, 0
LHF: +6, +3, +6, +5
PHF: +4, +7, +3, +7
ROOT:8065
UHF: 0, 0, 0, 0
LHF: +6, +3, +6, +5
PHF: +4, +7, +3, +7
ROOT:8069
UHF: 0, 0, 0, 0
LHF: +6, +3, +6, +5
PHF: +4, +7, +3, +7
ROOT:8073
UHF: 0, 0, 0, 0
LHF: +6, +3, +6, +5
PHF: +4, +7, +3, +7
ROOT:8079
UHF: 0, 0, 0, 0
LHF: +6, +3, +6, +5
PHF: +4, +7, +3, +7
ROOT:8273
UHF: 0, 0, 0, 0
LHF: +6, +3, +6, +5
PHF: +4, +7, +3, +7
ROOT:8279
UHF: 0, 0, 0, 0
LHF: +6, +3, +6, +5
PHF: +4, +7, +3, +7
ROOT:8435
UHF: 0, 0, 0, 0
LHF: +6, +3, +6, +5
PHF: +4, +7, +3, +7
ROOT:8439
UHF: 0, 0, 0, 0
LHF: +6, +3, +6, +5
PHF: +4, +7, +3, +7
ROOT:8635
UHF: 0, 0, 0, 0
LHF: +6, +3, +6, +5
PHF: +4, +7, +3, +7
ROOT:8639
UHF: 0, 0, 0, 0
LHF: +6, +3, +6, +5
PHF: +4, +7, +3, +7
ROOT:8643
UHF: 0, 0, 0, 0
LHF: +6, +3, +6, +5
PHF: +4, +7, +3, +7
ROOT:8647
UHF: 0, 0, 0, 0
LHF: +6, +3, +6, +5
PHF: +4, +7, +3, +7
ROOT:8649
UHF: 0, 0, 0, 0
LHF: +6, +3, +6, +5
PHF: +4, +7, +3, +7
ROOT:8651
UHF: 0, 0, 0, 0
LHF: +6, +3, +6, +5
PHF: +4, +7, +3, +7
ROOT:8657
UHF: 0, 0, 0, 0
LHF: +6, +3, +6, +5
PHF: +4, +7, +3, +7
ROOT:9162
UHF: 0, 0, 0, 0
LHF: +6, +3, +6, +5
PHF: +4, +7, +3, +7
ROOT:9168
UHF: 0, 0, 0, 0
LHF: +6, +3, +6, +5
PHF: +4, +7, +3, +7
ROOT:9170
UHF: 0, 0, 0, 0
LHF: +6, +3, +6, +5
PHF: +4, +7, +3, +7
ROOT:9172
UHF: 0, 0, 0, 0
LHF: +6, +3, +6, +5
PHF: +4, +7, +3, +7
ROOT:9176
UHF: 0, 0, 0, 0
LHF: +6, +3, +6, +5
PHF: +4, +7, +3, +7
ROOT:9180
UHF: 0, 0, 0, 0
LHF: +6, +3, +6, +5
PHF: +4, +7, +3, +7
ROOT:9184
UHF: 0, 0, 0, 0
LHF: +6, +3, +6, +5
PHF: +4, +7, +3, +7
ROOT:9380
UHF: 0, 0, 0, 0
LHF: +6, +3, +6, +5
PHF: +4, +7, +3, +7
ROOT:9384
UHF: 0, 0, 0, 0
LHF: +6, +3, +6, +5
PHF: +4, +7, +3, +7
ROOT:9540
UHF: 0, 0, 0, 0
LHF: +6, +3, +6, +5
PHF: +4, +7, +3, +7
ROOT:9546
UHF: 0, 0, 0, 0
LHF: +6, +3, +6, +5
PHF: +4, +7, +3, +7
ROOT:9740
UHF: 0, 0, 0, 0
LHF: +6, +3, +6, +5
PHF: +4, +7, +3, +7
ROOT:9746
UHF: 0, 0, 0, 0
LHF: +6, +3, +6, +5
PHF: +4, +7, +3, +7
ROOT:9750
UHF: 0, 0, 0, 0
LHF: +6, +3, +6, +5
PHF: +4, +7, +3, +7
ROOT:9754
UHF: 0, 0, 0, 0
LHF: +6, +3, +6, +5
PHF: +4, +7, +3, +7
ROOT:9758
UHF: 0, 0, 0, 0
LHF: +6, +3, +6, +5
PHF: +4, +7, +3, +7
ROOT:9762
UHF: 0, 0, 0, 0
LHF: +6, +3, +6, +5
PHF: +4, +7, +3, +7
